-0.014228473301430029 0.0027396769688070276 
0.023143923684110404 -0.00539295344559721 
0.022133938700475763 0.0182954198610337 
-0.0007138891065921506 -0.0002821073418435154 
-0.01468487061317274 0.0048324514991181814 
-0.04044147264871392 -0.04668796293045955 
-0.002434724204561283 -0.009187318186839506 
-0.007069516916722075 0.03112515098020998 
0.01712154602445983 0.01665164894575601 
-0.04908333333250048 -0.04110681745665959 
-0.019016738235601693 -0.019133006747388895 
0.012328032874870509 0.0036185450433470767 
0.014825273561310146 0.007361225869451049 
0.004695652174699811 0.03746924166728787 
-0.0006924009008654359 -0.036726919897940746 
0.013511172701231625 -0.013952620779705311 
0.0194838489147054 0.01170973478112811 
-0.050167644594207264 -0.014715506441539784 
0.0035741075760130376 -0.0033779936994725894 
-0.020313049595252344 -0.017099550613146504 
0.0006283098466384295 0.0018791894300438361 
0.0037674919264561652 0.020400270714493025 
-0.0013404825735253312 -0.001970816751942538 
0.009038031320307472 0.008905176014886369 
-0.0030152536360217442 -0.00643643549449529 
0.006760362924382011 -0.00022730286212188086 
-0.007951934970730594 -0.024004850230196398 
0.004364089775341286 -0.010055518888069276 
-0.017646537199567717 0.0020393756373049267 
0.00634139736391136 0.015127201565557765 
0.0022200793847086467 0.021571916025677984 
-0.002774545779149985 0.005982035024154727 
0.011370814907945087 -0.0120805117334785 
-0.01588293031093717 -0.012664957751827513 
0.014960558527311778 0.0012500480787722167 
0.001250670001736691 0.01580777135393661 
0.001249107780107175 0.0017206822221381237 
0.011317055783064201 0.017309398418181614 
0.012071548153927145 0.011355624002671708 
-0.004614313076985568 0.014016805489304115 
0.013644712673758459 0.023973222362945537 
-0.0018983518850332877 -0.0075448361162648555 
0.002852943719163188 -0.0028485970659448603 
-8.620689677353014e-05 -0.0003392372518212658 
0.003965859126531442 -0.01064494811480833 
0.005753542292972395 -0.016229487480367368 
0.017332650273045994 -0.0005138180350131874 
-0.011833822913063095 0.0169647119303786 
0.0006794632247659208 0.004387073478967438 
-0.012052283143739299 0.010407491956212973 
0.006013745704226193 -0.0027929979363837793 
-0.0064901793339414236 -0.003050575327802913 
-0.001203369434368474 -0.013402762865936599 
-0.0014629948360556464 0.000743629273601103 
0.0011203998963081787 -0.013556618819776748 
8.608815449143891e-05 -0.002333357830528371 
0.01136265817320904 0.019078838327102658 
0.003064090560479371 0.0027648770262211045 
0.0264743317775196 0.002631104703550255 
-0.015210382739352928 0.015439643396362125 
-0.002854025014869022 -0.0005841224887158879 
0.005303476723933675 0.024848570720130303 
-0.002344665885018073 -0.004579624989198959 
-0.004616417660515693 0.0021527777777777934 
-0.001855131123674239 -0.0033954680895295483 
0.01638928782624596 0.012845918509247647 
0.005984539938689727 -0.0005749395026342916 
0.015037593987386329 0.004112752968652033 
-0.021896621899313996 -0.004241273750277937 
-0.0016644474026715785 -0.01916702447402313 
-0.003251083694797015 0.008737677073666163 
-0.005185247135653101 -0.008644632689904211 
0.006893652795602796 0.014148135177727065 
-0.006595975620618396 0.009824234262232907 
-0.01781812069228828 -0.0001538803494794259 
0.007273660790623857 -0.0036252949827285555 
-0.01970945544129572 -0.015326433940891645 
0.02521882312201874 0.037212806932321284 
0.006170752323982242 -0.009427303891913714 
0.017474586238656966 0.00894023444789384 
0.007431260838256519 0.00208494468170967 
0.002049012371311748 -0.004412899761736963 
0.00474398822208021 -0.007297547821690471 
-0.0015467274483718387 0.0026824216495196103 
0.005381165919220096 -0.008449034879783286 
0.054334603845441094 0.003090794214579576 
-0.020152295974698264 -0.026931326818970987 
-0.014443833898586477 -0.009674597620713737 
0.024691358029966987 0.012507287084636045 
-0.005985231255361828 -0.014097531187298137 
-0.0061776665630622046 0.002307678694674949 
-0.01054370917510098 -0.005321571964814787 
0.009542743534198588 0.009603095711445556 
0.002914533280637732 -0.0015647801395994626 
-0.003063147975749146 -0.00906881735577935 
0.00807473084719668 0.02141346649370027 
0.03549552379123106 -0.000226173492466675 
0.007128772940432743 -0.002036021926389905 
0.0031626506091596883 0.015135662969937834 
-0.0015012760930710471 0.008073381888140796 
-0.00255600660797386 -0.004038441877108688 
-0.0011305396505828275 -0.0019162004482540412 
0.0021881838068788517 -0.001388484152424806 
0.014832103597896665 -0.0040510848667946655 
0.018398991028938518 -0.004033092037228596 
0.0040795512492137875 -0.011871387533312591 
0.00623957047980847 -0.003152364273204824 
0.004975124384987341 0.004216444132115209 
-0.01018797532230807 0.01002449265220437 
0.0044940562452052656 0.00105658808653632 
-0.004113147635374765 0.006990345018513969 
-0.0009419607257219514 0.007044915632839655 
0.010081230055205332 0.006210756210756187 
-0.013498958864468698 -0.014769721223631615 
0.01310139020582295 0.0035971842136968933 
-0.0016524175610125307 -0.0030012004801920765 
-0.0077000575682565995 -0.009856368796766178 
0.0005801726063583546 -0.004377888190125398 
0.009857215333775126 0.011952538823940016 
0.009904543167114982 0.008311061298387682 
0.009309928225025334 0.007695333207927904 
0.014012110968412286 0.011556671814278784 
-0.012707450868478952 -0.014612132599651113 
-0.010550007032644105 -0.010623627355840456 
0.011088996300170437 0.011804587613786955 
-0.01680258717343972 -0.02199016990084876 
0.008652127279059589 0.0035474559176435112 
-0.007018290090752505 -0.0012822734361462643 
0.0027843221281105748 0.001735026719411479 
-0.011675921972061498 -0.0157440764860746 
-0.011669788217323514 0.0031851056715998718 
0.014212827988309078 0.009121526803255562 
-0.011067193673317832 0.00359824780976229 
-0.011481723716227986 -0.023573222482029987 
0.029699331032107673 0.015539078298506388 
-0.017776825873535004 -0.020296943231441055 
-0.001381014686570866 -0.029221936956211645 
-0.02787684693107612 -0.020716633914305078 
-0.010182689425052698 0.008870801372817497 
-0.009833585476536809 -0.014704242108785516 
-0.0034377387325645876 -0.010414504839348682 
0.024837102343194927 -0.02543326152027602 
0.028573565706390684 0.018917385605571563 
0.047851065382060826 0.01094385991859291 
-0.003123048095571905 0.011718008128537382 
0.02513227513267744 0.0211559760470049 
6.791171020616399e-05 -0.007720872090885777 
0.006383267689290043 0.0018340805513357462 
0.060661268556761114 0.015034118016901818 
0.010751320061608347 0.0007833849517217411 
0.01699395769975085 0.0017839914077146786 
0.0037133308560477127 0.0159364721702315 
-0.0038229128103995104 -0.006904199756743245 
-0.007118098541550214 -0.0019992075213429157 
-0.009164017202784425 -0.014780458753677166 
0.008871272177464105 -0.007107268464243838 
-0.0006236357926193054 -0.001900228765404717 
0.02152886115376328 0.011977597456608969 
-0.004108161143320863 0.005114248662075937 
-0.0030168698400791344 -0.005415326464227986 
-0.006669548571518506 -0.0035263379072188526 
-0.019707802303208934 -0.0017969122446734721 
0.009259259263589805 -0.014493019838354127 
0.019479703408172823 -0.002758569271775024 
0.0024654832304408267 0.003663345980599287 
0.00024594195801603245 -0.004022421274139124 
0.0007991148276868102 0.004992240525026567 
0.008414716544199717 0.0032930232558139195 
-0.011816299184322325 0.0033563891927977808 
0.0152859960525776 -0.0013121904339469881 
0.003581835839929409 0.002701852434443134 
0.006654164903605036 -0.014820146540427967 
0.017246559702448747 -9.36680404645083e-05 
-0.007147920607013025 -0.0045526932084308195 
-0.009043850773785526 0.011273808627568875 
0.016151305913232106 -0.022426532169511 
0.01418104467433928 0.003274568784982727 
-0.013108832442800441 0.012125697369919137 
-0.023614144874735465 -0.013705307760091604 
0.004171957190179325 0.004334106375698754 
-0.009332851635298857 -0.01832153537494807 
-0.02996414028037987 -0.009370300389465187 
-0.001002506259387609 -0.03583106267029967 
0.02533868539364574 0.019176810189951352 
0.030584781015573465 0.012299708847471799 
0.010030864196135655 0.010271962433965956 
-0.03314332726120224 0.016500435750944092 
-0.04260621162945327 0.010897936631927958 
0.019997460635003395 -0.00343014380218257 
0.017364784962867957 0.00994761427463735 
-0.0037317998261382915 -0.0069284497125628374 
-0.013632176852623572 0.0001697056549693929 
-0.008342152769201 -0.007578899739828782 
0.003766714794181696 -0.0030205167173252886 
-0.01188316967939665 -0.020845639374249617 
-0.032217228934291235 -0.023177068130071858 
0.03492478744034354 -0.00171328392700605 
-0.003602123361577117 0.0031530632608261504 
-0.012304179608594024 -0.012950584865122922 
0.0031464714533004823 -0.007295886490517372 
-0.0069133273600488435 0.007369810171556178 
0.0001289158181376014 0.009452214922004107 
-0.0208816705294846 0.0018368039611077044 
0.042851500789427434 0.012535124255166431 
-0.005238906771832611 -0.0023224689025350474 
-0.001395939088093336 0.021976721246794215 
0.013915364081836428 0.031561269400046374 
0.0015040421151276348 0.010404386309624168 
-0.0005005944565638683 -0.008778590610241705 
-0.005258874349703977 -0.03097849442275002 
-0.02674806469540286 -0.016639993829897993 
0.011187273666668936 0.0012941176470588726 
-0.02628381403383482 0.04672384756981153 
0.0015762511513898385 -0.011299857816358535 
-0.0017704918055665882 0.0014380865879503309 
-0.005123825788614184 -0.012243972488851973 
0.012611422912195736 0.009220292294743382 
-0.012780386020579319 0.006482429205049393 
-0.00918097753883869 -0.005969868173257927 
0.022331844540256534 0.017259344864823927 
0.0035393589800307595 -0.00180653331843414 
0.00045718764339244995 0.012985801444110533 
0.0019584802204600385 0.01119849704381788 
0.004951785251171605 -0.011238410957905974 
0.009984439829774195 -0.005784393191363912 
0.001733213512615171 0.005873633500092568 
0.0103172060199961 -0.007220881610698619 
0.004820499811932368 -0.013062436218573293 
-0.006627951016220287 0.00785847229794526 
0.004511660418878653 0.014512488574679573 
0.005630060728612104 0.021347013072977022 
-0.007863118833132858 0.005256714913228125 
0.012110068480877464 0.023173352435530186 
-0.0067030006880944475 0.004025623971715536 
0.003973259330928619 -0.00047067847430441013 
0.0025755386641810383 0.0034183860334514125 
-0.029573934835219143 -0.013288026002468313 
0.000839359501757523 0.0020521944388174384 
-0.009225211273892107 -0.024329788169113176 
-0.005729912753324976 -0.006900776562584532 
0.010150622134097858 0.007855872854602926 
6.482982513362314e-05 -0.01474320894313323 
0.05685206793841374 0.013136739019220823 
0.0002453536140698829 -0.006618455934067842 
0.02127920524925995 0.0157214436133904 
0.01543172811751494 -0.0026988382484360875 
0.005854177749586138 0.004247387946020546 
-0.020928865372892486 -0.002766078949247034 
-0.0031824186397230326 0.020364703566507596 
-0.032467923619832466 -0.0200021045616375 
-0.00043581122448680326 -0.006469393416072388 
0.012706322013199968 -0.012302537961345044 
0.010548004186906662 0.006729401466243463 
-0.027114208336658004 -0.00730032788073107 
-0.017203628397562124 -0.009927007299270173 
-0.007765754299965498 -0.012957092303155362 
-0.003849114705792118 0.002306126640897828 
0.012879958788852805 0.000475068232839316 
0.0193921668331004 0.008547167703251335 
0.007235077650931363 -0.001532468012038258 
0.011703511059204494 -0.0014238692259328782 
-0.005447423185078119 -0.0015555267495046977 
0.0004923379863586713 -0.01628428881428858 
0.017838469582538964 0.004034766869661921 
0.008460748174225395 0.0023848421685162937 
-0.019715946545963394 -0.01826526789059573 
0.014610588089136695 0.021620074420379814 
0.015002711333878763 -0.0026336433934774704 
0.0037991214534047147 0.010103563870629401 
0.0004139562393823946 0.014155534749195797 
-0.007448129102259612 0.033016453382084 
-0.032934310048709885 -0.017148621385339506 
0.0006774233340587416 -0.003043016367466832 
-0.009292879562836403 -0.008308047969946376 
-0.01907069201492252 -0.021381219494427058 
0.015515166869628075 0.0010421706926712051 
0.010912945869182393 0.005354155047406573 
-0.016470297945509735 -0.01845482451274089 
-0.0030732563933446653 -0.012396382818387204 
-0.0066058508964320735 0.012361222387547248 
0.02811906269388401 0.014169964198228718 
-0.0079462855698282 -0.004682100256400694 
-0.012542688609578658 -0.01243233152884092 
0.0009479272025723869 0.001096325419628083 
0.022665572321665738 0.016577923794418588 
0.002345968634149929 -0.008450965824665592 
0.0066518847022832535 -0.0029034372951204797 
0.0007342143932202512 0.009505917715574037 
0.002567864998184521 0.003554414172993837 
-0.0008537626521635232 0.006008122090974854 
-0.0015869140632909886 -0.004423881587436135 
-0.027937400662355002 -0.014422987909870144 
0.008993145089723731 0.014032912533814083 
-0.019259536276780162 -1.8525722966321913e-05 
-0.006927232284073071 -0.01420949275630805 
0.004927684625334536 0.003533104057431725 
-0.0037572438394654203 0.009719283132642823 
0.004410636666260235 0.002095775065840713 
0.006109590791276218 -0.00668134959560234 
-0.005313429063188032 -0.006279113098565314 
-0.004960254374490335 -0.012187576172351076 
-0.010672972449537207 -0.0002657403716568653 
0.004844961234384536 0.018986500598074767 
0.015493410485528636 -0.0038756078928246116 
-0.011648518613408241 -0.004264791156169867 
-0.00012810658769032445 -0.00963687937933236 
0.0008327994879235555 0.0018019726858875791 
-0.0037124751998544652 0.0021016756603237977 
0.028718278190817525 0.014114046026527657 
0.0037471896062145015 -7.452536657157904e-05 
0.009333001496806936 0.0027949095380946165 
-0.0032671680427520805 0.004255002880023715 
-0.011132413881089494 -0.004884547069271733 
-0.007067358806951572 -0.004852744310575661 
-0.004661123712798602 -0.006613979037049424 
-0.040627768630438064 -0.019127687186142436 
0.012664907649473894 -0.0019366467249577982 
0.0095752996303863 0.002555186259630057 
-0.011162010448379294 0.0029894220450711814 
0.00809082605006257 -0.0010317157050056622 
0.005760517799222493 0.004131124966530177 
-0.019821095312459232 -0.015599405736924195 
-0.006565557084748604 0.007449257976510475 
0.018438966354993275 0.018149343166628345 
0.01077222583218651 0.030973534793352495 
0.02285567539757489 0.026621535083707015 
0.00709264373362374 -0.0015683478880769834 
0.01614210034567958 0.03503980579058226 
0.001410696761666463 0.1605242735190134 
0.0065535615815901305 -0.014726643187255686 
-0.0038943653370528777 -0.001085940092304949 
0.0033598045226950115 -0.00030197795560913754 
-0.0009132420123863249 -0.026914363389216205 
-0.03357708714018166 -0.03215993046501525 
0.04382369632410087 0.005933671178395095 
0.04349401956827863 0.0011797340815610897 
-0.007352089842221464 0.006257961783439411 
0.001283023264643428 0.001044419476840919 
0.028539810124841088 -0.011034003066757328 
-0.00566283481271745 0.00895126356675888 
-0.004499117261937458 -0.0031051472568559375 
0.009382151031243001 0.023090981326976515 
-0.038426660622441426 -0.0017086582372860648 
0.015619474239496925 -0.011483164249704357 
-0.009923974233165767 -0.002471273414134954 
-0.011957796014647018 0.04268379278241515 
0.012221167540165386 -0.0018463028542026504 
-0.007326222014235359 -0.004715264721935685 
-0.005101435522721706 0.0010206413283570096 
0.012341998569740215 0.0057067202337472605 
-0.012191530715091612 -0.007172363702392315 
-0.006856665866553862 0.007269900781857226 
-0.03253887255175242 -0.021289151157512388 
-0.03698417623347212 -0.05310514354621774 
-0.048650041879438874 -0.037339994775339606 
-0.01659441886241906 -0.01280507454079827 
0.06054135960081523 0.07999175342748181 
0.01130016885719845 0.014301167637046242 
0.0010917030566766563 -0.01133921989931152 
-0.026364744370612665 -0.019242361750055514 
-0.02846224799503283 -0.03309340881520426 
0.032754645332059316 0.02768530754947401 
-0.020093243160637844 -0.01316860370478893 
-0.014809354686241 -0.009154639175257656 
0.05128553938215227 0.02323955385383706 
-0.022515527950801195 -0.0031562164448637312 
0.013635160185461315 0.01408473691082386 
0.00045709807923485974 0.007113543091655201 
-0.01442464590964738 -0.004043019000591228 
0.007549668873074081 0.019093768050831104 
-0.006309977655784418 0.001322543061372346 
0.018057944174322757 0.010880845309600866 
-0.021571048018788862 -0.021231917872141823 
-0.023241915132942353 0.009837107667858648 
-0.007886328095921621 -0.020064836963363968 
-0.001439046115004717 -0.0005299587274567455 
-0.015166071917479372 0.005527347515907097 
-0.034701414541412935 -0.022099712368168628 
-0.045405327362330744 -0.02790986486265673 
0.01194797338127239 0.0001344786431105598 
0.032581079063459945 0.022606181824293546 
0.01483572151633191 0.004717136188816943 
0.015973757399313122 0.02555252008048554 
0.009335298665025898 0.023225024325660877 
-0.017941585535902537 0.006188909847693621 
0.04836425435283632 -0.004771938522558318 
0.012495778453622007 -0.004981630238495618 
-0.0020680453615357867 0.006962262970148391 
0.022996189580115876 0.004754432031820428 
-0.035613931909143776 0.008706140689996436 
0.0015584767620431537 -0.001747662118657039 
0.032000541230818656 0.016247926776829107 
0.00045889602631696096 0.0006951370628948475 
0.012187930021337749 0.005889459377831436 
-0.026024470772992924 -0.023750187659510657 
-0.0023928215338071455 -0.011794919111767176 
0.014791125326878452 0.01428549197802703 
0.02258551637643433 0.07703401402292155 
0.018170144464905877 0.015356125356125317 
0.021440282505518243 -0.006018687393024445 
0.004259785161352456 0.006295078265042607 
-0.012848097374433067 0.005568412932183061 
-0.014945821402310483 -0.008522568766389575 
0.02610949551739206 0.014490510825677845 
0.0009241574776519922 0.001456088530182572 
-0.0035701095715992047 0.008239171374764659 
-0.004077094137430788 0.004312535193858052 
-0.004714055329896637 0.00343247863247862 
-0.005172628693390066 -0.01208842128216311 
-0.007893253146378607 0.00473175240381308 
-0.009534634085268294 0.009721001757469143 
-0.032449317864833606 -0.005670383464781016 
0.003775334484475195 -0.01946036130902728 
0.019465522929669365 0.01668061366806142 
0.020064724919426402 -0.005020851624231894 
0.021065989842576648 0.02026747552736805 
-0.008886403183818545 -0.0021486486486486916 
0.0026333939457481768 0.024634010915345207 
0.016009005068838757 -0.0008194554586307223 
0.0019080445599183018 -0.010185454641657246 
0.007187615183205256 -0.00017373175816538656 
-0.0026227508382864664 0.002820290048787026 
-0.014799412916038172 -0.010209793938101416 
0.005462445686648112 0.03291139240506321 
-0.009013458452374277 -0.006075302461410055 
-0.03656865187550895 -0.012906949290380167 
0.0438409311277691 0.018962447178887478 
-0.019389208944101427 -0.004642610294597027 
0.006632975365915624 -0.0011529642974123754 
-0.00916222152564975 -0.014113881710980221 
0.011273671546513646 -0.0028605260707015305 
-0.028308386051585917 -0.014130173725082101 
0.019078311316301548 0.012045420710003082 
0.028492821452080933 -0.005844042954384376 
0.012083756107895933 0.01976055959106814 
-0.019139628144912123 -0.011423445765014816 
-0.016291891219994494 -0.013503596066343762 
0.0030226700249146466 0.011443102352193311 
0.01896032144820275 0.002982200409216762 
0.002587800372185172 0.00041333333333326057 
0.00510078662791437 -0.0025456144793484935 
-0.011128095389558135 0.01885355424906469 
0.01675632226935044 0.01847844618431238 
-0.0069934322577279145 -0.007210919392222537 
-0.0058791107839630975 -0.01571984435797666 
-0.024579560153464006 -0.022454142947501532 
-0.0010736390066009634 0.0009975196807937145 
-0.009167351579942137 0.0014005225026259306 
-0.023864216441948246 -0.023170436513272934 
-0.014871224991125535 -0.016409917537410976 
-0.020005971939109125 0.0021834366733382024 
0.020989911301195638 0.01402175886485214 
-0.035347171560145565 -0.03513435343699658 
0.052935514915054174 0.020212401507365654 
-0.012144162960923733 -0.028360756659950723 
0.0 0.01056951544387633 
0.024586913412775354 -0.004759258467632651 
-0.014449748420804254 0.011654377550289908 
0.021599685823740684 0.02640852545323309 
-0.016978472577430622 -0.018724577731816672 
0.002281170567301741 0.0019250495313839345 
-0.0215242554277047 -0.018301918545944065 
-0.014089187212734385 0.04424348919270279 
0.029524772491690925 0.016403086352194386 
0.00013095004416348533 0.01218116966148456 
-0.01728314239184272 0.01682180851063827 
0.0038638331889837003 -0.04930360295560052 
-0.005176189520834302 -0.026054061489786166 
-0.032486158368302195 -0.03451928645075626 
-0.014065085494454546 -0.0012142136138216142 
0.0011188811243074198 -0.006781498081260795 
0.01152556579684298 0.008862868856085282 
-0.016228161036979376 -0.0014763491785066815 
0.023045383856434454 -0.001039364084847296 
0.016791044777712167 0.012602579132473656 
0.026639483518062893 0.025180897250361763 
-0.01171642284827877 -0.015598531902879666 
0.005492297384430296 0.005105040510503972 
-0.010391686651393724 0.007918277667603642 
-0.008750673127989897 -0.01501854315884836 
-0.001018606543087895 0.005331608823740637 
-0.002447148394365688 0.008848419006232568 
0.005792163544192485 -0.0009635139922068012 
-0.036043360439284085 -0.010353581913852621 
0.042943491713063546 0.03015320234461207 
-0.006065098731306946 5.5647528554245643e-05 
-0.011187199129415161 -0.008944842456701765 
0.0009599561170819102 -0.0021476095561606535 
0.00911083709637263 -0.02212719267397209 
-0.018192926480634617 -0.001711836124057686 
-0.025789946761657107 0.016239895096329785 
0.0009226401752718018 0.010748114117180026 
0.02510104232701744 0.019640301899497767 
0.0003458532242486322 0.005049393247296386 
-0.009749688843661643 -0.002956919328122176 
0.005376719503159614 0.01065451100462701 
0.0010418113676354472 0.0022959149017103084 
0.009574689516100635 -0.00024397516874942392 
0.01030856985811633 0.006087310195227778 
0.024556152642813526 -0.0018057108976000645 
-0.012348957644064915 -0.0036314546068174883 
0.00322667383970729 -0.0037395333712706164 
-0.005829536318179093 -0.002407180742554035 
0.007548695826263135 0.015323163333469673 
-6.689411061990519e-05 0.0077339312807980865 
0.003010436185177101 -0.007434746112746895 
0.028213166139870738 0.0066581649775151654 
0.00324338350033842 -0.006160739288714652 
-0.011056511054183796 -0.010049779280548524 
0.043870545923674106 0.010693955001355518 
-0.014280345731733816 -0.007255025546809105 
-0.005845723723344565 -0.0015264494515588635 
-0.00044739870027944267 -0.004126361361022735 
0.014131338321221041 0.00949599239233801 
0.009205548549972778 0.011613667254302972 
0.00037485942802311804 0.0019688181769808148 
6.24531638558046e-05 0.007700477960700948 
0.009804533813284921 0.010026350461133088 
0.002473716761465234 -0.01654035298261184 
0.004071560761040622 -0.0016712426883132266 
0.00976898501303807 0.008596064676418652 
-0.0070581077027739355 -0.05317859683325869 
0.001654513149158793 0.006093743478442333 
-0.0037317998281674344 -0.020756412915715953 
-0.011360147380588378 -0.003247945321546523 
-0.0027329192496069353 -0.020996259775586605 
-0.014075734931977679 0.002879800874070228 
0.004358812381433898 0.007503499228005433 
-0.016604817911976807 -0.00837856805259166 
-0.013879117365035196 0.004824079958403189 
0.00045401479210015883 0.00823630875377304 
-0.006871961107742159 0.01381463581540575 
0.014491807563525208 0.00250309371132857 
0.01177530403280567 0.014419974751016935 
-0.01946069702471074 -0.010910146851406271 
-0.008301984692426765 -0.0027681080400956512 
0.0029431000639778423 -0.00347674923946097 
0.006038726615714279 0.00796252268474877 
-0.020617211451784998 -0.014319809069212397 
0.004796482576549544 0.0005663877207141827 
-0.01432075846895678 -0.008929708616956463 
0.010156722941150139 0.013450993831391304 
-0.005859635101897839 -0.007749316651168034 
0.02290689886127946 0.022506531864137258 
0.01866160293596611 0.0071935452512879635 
-0.00012855949187050452 -0.0015856163911370624 
0.007650273221415587 0.011793625365961392 
0.007719790734621864 0.004176562116124887 
0.0006331117489833784 -0.0021339640080466076 
0.011515343243586293 -0.005107947967036709 
-0.004253455935669528 -0.011035049288061262 
0.00628180162388123 -0.008015615914943208 
-0.008115363009048337 0.0001395576024004225 
-0.005601359429026791 0.016228284378706475 
-0.00772151898619536 0.000411929477673516 
-0.012756729173586612 -0.012586126437728282 
-0.010983331179198462 -0.0014595293365396013 
-0.0005879278852644291 -0.00012528537223680582 
-0.0071246486699290765 0.000904952176758012 
0.0026333113934793786 -0.011906749012407425 
-0.017596848327417678 -0.02624021622839122 
0.006884106399937847 0.002876886601515077 
-0.008164619979399636 0.0032145997607069495 
0.0026100923610909432 0.002184096330143377 
0.016420799678136637 0.006322943251225831 
-0.03822158009121767 -0.037969994443415415 
-0.012768863093431511 -0.010307751547643785 
0.02655969014261242 0.017627869392152714 
0.011319229212804734 0.005984942062231708 
0.013657561626981255 0.011679408282293796 
0.013999342751490075 0.010273081924577392 
-6.481721593954313e-05 -0.006750475536677146 
0.011538212221120602 0.004722890178404257 
0.0034604293531202515 -0.0034538601544921222 
0.028801328309620112 0.014769328117809453 
-0.005710738671025257 0.013406459475929363 
0.011112498435211865 0.00776126082031626 
-0.008891084213017014 -0.005078818827708659 
0.013830052324630453 0.005537114005969521 
0.003318176235432495 -0.0015257646161315247 
-0.0021435570816579893 0.019351253733416614 
-0.0027005462456360938 0.004333724004470092 
0.004677210904478428 0.0057397959183673715 
0.005758039816561912 -0.003453905206492342 
0.009013947259920694 0.005564355631371612 
0.005372125307383378 -0.003998707488488606 
0.006664265130647552 -0.001824891520337433 
0.017951929380585183 0.004536713523469059 
0.003515350369141987 0.005581244860266641 
0.004378794954406931 0.030673941896475442 
0.012381561353498103 0.005320048387726209 
-5.74184662101769e-05 -0.0023418900734912865 
-0.0041343669225843 0.00273645713099965 
-0.004382171480521659 -0.0020305750278071556 
0.005733480044343115 0.013750469796918149 
-0.007601059538202675 -0.0005880698524712183 
-0.0015086457049151329 0.003197912402783463 
-0.00493956299034292 0.0005355366842628198 
0.007008117734438731 0.00021664882499881834 
0.0034216783608418165 -0.0020768299675097096 
0.014795977346821141 -0.000995888766885387 
-0.013861839843194586 -0.0067736823270794794 
0.012488382897038077 0.0035643513395269603 
0.002524238426826686 -0.0030901001397596753 
-0.006466380544158571 -0.0026752411575563227 
0.004204584724242866 -0.004217069459131802 
0.0002867794676168296 -9.065596062932894e-05 
-0.02041284403777479 -0.0031602942700239022 
-0.0035705923676635724 -0.0002988410165792035 
0.010221465077754326 0.00016896063217269785 
-0.002674885151796056 0.003391636562102053 
-0.004372922863728285 -0.003962960564657055 
-0.004099320685058942 -0.002652485404829184 
0.000411619432644671 0.002255394042109404 
-0.002116028921163035 0.0034860428210932437 
0.006302644752571517 0.011173618852565272 
-0.0012292203220671295 0.00034611834683619856 
0.0019926155999652273 -0.0064458255910808905 
-0.025852488740809348 -0.020198111747407627 
0.03296307414988272 0.012321301634941967 
-0.015926528709146435 -0.012132324256846282 
0.0049616066112531595 0.0036857139096209694 
0.014693781596429523 0.012157536492281842 
0.0018535681144852215 -0.0037317300715248207 
-0.009135060125929061 -0.004135885963999519 
0.01166997316011132 0.007457228679639444 
0.0027108086274133724 0.006235335295109033 
0.010181190680598709 0.014158357166782624 
-0.0046691720755713565 -0.00039379581052077474 
-0.0072654462263096915 -0.016126572626763175 
-0.010949115425730686 0.011366425130132592 
-0.011186855446959467 -0.0018518282014278816 
-0.025101643976272847 -0.008380674548339162 
0.008220006039794513 0.002941897523902882 
0.0031772675515269852 -0.006085244889294882 
0.0012549300814009077 0.0050093196644920845 
-0.0018501939730217914 5.1517844493485966e-05 
-0.0020330064567248454 0.0005022731077826398 
0.003594967045075683 -0.0022912751332286032 
0.004835820900347032 0.014011456881870275 
-0.02370625631327477 -0.003651678245158669 
-0.0026777020458790077 0.003920466880355442 
0.0025018306039455603 -0.010112702572060869 
-0.014547446582434788 0.00043691129415684873 
0.0044471896204580875 0.0018367949854213245 
0.0011068749242350792 0.019616390584132462 
-0.010565110570059122 0.007921937479566373 
0.0026074000546747553 -0.0057263336493836 
-0.018513931888555112 0.0030114056990852567 
0.0015771875574533323 0.017188535972078024 
-0.005448475689962367 -0.006690361697679348 
0.006934988447387846 -0.010647913132838796 
0.009937731928889386 -0.004655411916352794 
-0.09584604845387558 2.5146162066991652e-05 
-0.027689764428668173 -0.013616304361492188 
-0.0028336639293691634 -0.0011854080097891122 
-0.014634839439296056 -0.01902732226490214 
-0.025090122569317797 -0.008546897359177897 
0.0013311640303184538 -0.000144332331754443 
0.028138847857630454 0.026902181045116928 
-0.005459377914420393 0.010210601645964332 
0.05756590826948779 -0.006578031903454789 
0.0351727906011769 -0.028969451554163327 
-0.016691957514359965 -0.011199118757868186 
-0.010869565212644074 -0.023792472348213498 
0.004370987564942262 0.03044506031953044 
0.0011559907581007642 0.00789726957507681 
0.000882972220782333 0.008829531184596066 
-0.0144543973984319 -0.013860975325130058 
0.0022034014985220763 0.011386646330239149 
-0.008381999306264383 -0.0012090483619345601 
0.00484999653509326 -0.009475835318312538 
0.002758050059392817 0.0009067136230435891 
-0.0024754177298248084 0.008612540699506432 
0.0064106982856239735 0.003384359054462177 
-0.01321917808219878 -0.016605261792330534 
-0.011660998132435693 -0.013350218985805505 
0.011377203457396505 0.003449566798588139 
0.008888271645562783 0.01601598934043968 
-0.0012389015049102429 -0.004472013848817039 
-0.02701398938403007 0.015913372238542556 
-0.004249592752663505 0.006781726941479926 
0.020342840887064752 0.01657607995672446 
0.016103171838910715 -2.53392289272407e-05 
0.01790614709168833 0.00865356595334935 
0.0021567702340756006 0.0012184398944856515 
0.011433183130169026 0.0009785840641348598 
-0.006782365845778067 -0.008836247414927704 
-0.010912499164556645 0.004299443601416403 
-0.003519696766386831 0.0027952656761519937 
-0.0071321831225087656 -0.00233545114386883 
0.00129985632868436 -0.004153242045912146 
0.008130636788952355 -0.0017061395748553228 
0.005489664521487723 0.00207618589459557 
-0.004650849285488084 -0.008211736466426632 
0.0007449041798159938 -0.002878797528819809 
-0.010623900397249704 -0.014013975651196253 
0.030914438138747894 0.01855354875489095 
0.014197571813189524 0.0009667489251278283 
0.0007195656455420996 0.009048163680264334 
0.02483984834960462 0.015276693282285076 
0.013139431050324099 0.0006202319667555666 
-0.0005036514762316968 -0.0023058327651397925 
-0.013479465856674313 0.003876787733445998 
-0.008044949558418153 -0.0019185305293905938 
0.004891864053859626 0.0018850141376060094 
-0.00845503459194941 -0.004047630836262789 
0.006266149870572615 0.0018145436919750392 
-0.01264685112459853 -0.004832086543352433 
0.005656697014302817 0.0035466076604232584 
-0.012607486913986969 0.017751111773620487 
-0.005696699840534691 0.005565658908105673 
0.014817253866564106 0.014322647990580983 
-0.00726800778626463 -0.00421218902198234 
0.027323833186074474 -0.01062308478038819 
-0.017370832274291856 -0.025494649645941257 
0.014569707955920413 -0.006892511716023639 
0.0190834822591955 -0.0013742642352438078 
-0.0005636625565284561 0.0035629229792821654 
0.04981827296914331 0.003706811265700771 
-0.0056706261572685 -0.00018715143046073846 
0.0014407491913774242 0.007025731899069053 
0.007792830592880775 0.0017472768504404974 
-0.003866285988171163 0.001459709542541812 
0.0025079118645041087 0.005076831859281602 
0.0054797784286274125 0.006845527056423427 
0.0023261362295413173 0.0014769786631512578 
0.02225528116469193 -0.001791699677006554 
0.0018627393893775996 0.006324940779994567 
0.006856080412711557 0.004744224422442344 
-0.0008656010100769465 0.004335382274445298 
-0.0030611066199858037 -0.0010821730033907814 
0.008110769940367284 0.0006861187346526675 
0.0031607378924758942 -0.0032357788122647497 
0.008994042163560973 0.0007723498744931289 
0.0022710497890125947 -0.007319602546787499 
0.009686738798037425 0.01461352510295061 
-0.0009537701947876606 -0.0055193716776016635 
0.011961588138568216 -0.0018660534774808935 
-0.004106548277044591 -0.0015680030877600088 
-0.011590326540271322 0.004989248351011133 
0.002255045667421033 0.004159103749203683 
0.006412419844804155 0.003962316099452872 
0.014084507042704832 0.005449038965994241 
-0.002149470900817743 0.0027156833679216883 
-0.005136702565731032 9.461409276916637e-05 
0.013768598707031983 0.0018684515503418094 
-0.01363636363288167 0.0018649669499526996 
-0.06384986952534179 0.003935059732792987 
0.0037364331908391175 -0.004365582312350405 
-0.014121956986404708 -0.021145685997171076 
0.0035960443487157365 -0.0010476121667509627 
-0.008420424005104133 -0.014477030822454454 
-0.0018067935459228801 -0.0038528339734339033 
-0.005007843606893385 0.006237491251550214 
-0.0012127827314479256 0.0017205403228758261 
-0.010017606700956633 0.012778346245675596 
0.008095179687043843 0.00010824984063221736 
-0.0018858741906548635 -0.002333132892363265 
-0.0010970927098575176 0.010837070254110624 
0.0028677771739058283 -0.00474628823564475 
-0.012898515458358732 -0.0037863810105803965 
6.163708235638977e-05 -0.004245799304795435 
0.006964560861437669 -0.0038773735323960434 
-0.003611213118754206 7.275637527745537e-05 
0.001965722708398263 -0.0016732748899639827 
-0.0003678499190864977 0.0011781138033643375 
-0.00883164673643633 -0.0009219720496895679 
0.0030938679574869115 0.016525814755451958 
-0.005305039788586442 -0.00041807518186259547 
6.20155053735818e-05 0.0016610501661050003 
0.004836909334875417 0.004103983488624498 
-0.010059244626229914 0.001829739202756582 
0.017018889093042996 0.023209478290776617 
0.009562339094244853 0.011057536278918777 
-0.0005464480867050337 -0.0006534449157399247 
-0.0114816839789729 0.002890803345072421 
0.0036873156316564737 0.03627108950529029 
-0.004408523138886559 0.007296127864364887 
0.005473554733724195 0.004240770571024693 
0.0019573062554329662 0.011566496442756655 
0.0029302240408111977 0.004983603727994482 
-0.002921662913901736 -0.004862288817809043 
-0.004761614061068772 0.007733543300292256 
0.001165429675526476 -0.002279781654714755 
-0.01660335743214908 -0.0036366757136573656 
-0.002678960812802561 0.0019595598527100606 
0.0008745627182693579 0.0017408123791102562 
0.005617276244824233 0.005213361652828746 
0.0001250234378386894 0.006317496905280188 
-0.018313644602780052 -0.024793213149522795 
0.005730294157645587 0.011548248189469569 
-0.00917953912508083 0.004052717578259354 
-0.022298894639580437 0.008404620935536046 
0.006861848128709597 0.0073896332788312875 
0.0034399948030718612 0.0064711958011003 
0.005368693401191267 0.01526765518974609 
-0.0027021810463549196 0.0019906347339976316 
-0.007483388168080266 0.004539512285505439 
0.009034774129810777 -0.011292372012952393 
0.00644163875658139 0.002166117364177219 
0.01862519200909762 0.00894565386007547 
0.006723217090843693 0.008282082820828134 
-0.004306578453460637 -0.00722796031229658 
0.013351720678043022 0.004474845633185541 
0.006123963876819451 0.002517992945541943 
0.008668920998209737 -0.03414649027363961 
0.004998171398129623 -0.007296042449701592 
-0.0027292576396788296 0.011135857461024499 
0.004074682231475459 -0.002769037130270596 
-0.005996365833969961 -0.00888762674071274 
-0.010297970875492625 -0.0026848913839394393 
0.01643886221192272 0.01871714656621766 
0.007268762491784639 -0.007040120329653122 
0.03042876901649406 0.009278057709098229 
0.014414940181611486 -0.002459742560842163 
-0.007594062826092986 0.008881087463039004 
0.006782608696686304 -0.013794674758437897 
-0.016237692172399006 -0.02619005114095786 
0.018846941763277343 0.014191280342488614 
-0.008502326655532825 -0.02413635445352959 
-0.0020858682409455025 -0.009871539241002784 
0.0033095453752158065 -0.011037381840590684 
0.00844905657068661 0.014476466006453756 
-0.014575921041458944 -0.005506136819822072 
-0.001688795715510964 0.013124662232957215 
0.004491629240116043 0.011114860819299058 
0.006504065041166517 0.0013888888888889722 
-0.00028848373000963084 0.014772763926071679 
0.010215270964731672 0.0035281777438732898 
0.011940127970298878 0.009322606528991978 
0.0015243041821120034 -0.002688312639253601 
0.0004509582845615058 0.012565291267227474 
0.009578544064841484 0.0056867619639527755 
0.0007813372028745274 -0.0028221528700470796 
0.004963194290383316 0.004926922481020484 
0.0047167193783469235 0.0076265263331004324 
-0.000938915274535954 -0.03023440847053062 
-0.027641107852432602 -0.0030503839276323666 
-0.021263289558538744 -0.014465077020468372 
0.013883241361804934 0.007964971255446414 
-0.00017188037546772455 -0.011714974562679864 
-0.0021775256443390995 0.00035464803868892093 
0.0018951358186905056 -0.0004726964107302671 
-0.0016049524247562469 -0.0072442739066413105 
-0.0018945918022070037 0.004666269690900297 
0.004199022150084936 0.0015086857192120105 
-0.005097949365053016 -0.0027653438925712855 
-0.0008060337383331195 -0.004197283095415344 
-0.025583405361649023 -0.016968252248347564 
0.0018922594752744575 0.007881045809267644 
0.01322079915118926 0.009055217139295019 
-0.0027960622078767403 -0.0004877150010295467 
0.007939308392929771 0.005139771421135964 
-0.020888033141763053 -0.01723914732027274 
-0.003098742624267935 -0.00034029287141326827 
0.0052005499460585185 -0.004403351378655266 
0.011358230257053306 0.019886175633644462 
-0.006291527020564584 0.002498134509943814 
0.005621301777759003 -0.006170442286947171 
-0.0012356575474682574 -0.005850555748523778 
0.012018381054873422 -0.0022710150782299632 
0.002619629759510324 0.008185509022663375 
0.008244788944738976 0.008987398104831363 
0.023725885397946428 0.010499478253385965 
0.005287731339164458 -0.002118531293581605 
-0.011023445802910904 -0.009484285318027596 
0.009279167134161883 -0.0006893209111961872 
0.013062002468978918 0.00877334799150699 
-0.0003873609633510864 -0.010096693199423095 
0.0323848538530639 0.0027846735024285385 
0.02418360233809005 0.0032182373961338194 
-0.006806282722531556 0.003240099992489815 
-0.0013705851368109566 -0.01067276946604072 
-0.010399070948937952 -0.005210191220503562 
-0.0053341868009455454 -0.005748188071151445 
-0.0008044189395234363 0.007442622950819613 
0.009929154140647984 0.010598713400809381 
-0.008130945419714233 0.0009338972498336209 
-0.004714959277868888 -0.004203978765617537 
0.002853143835717448 -0.008141901715614946 
-0.0037039025175181458 0.004223807507302069 
-0.003879310343173243 0.021224834028934103 
0.0031371700579676336 0.005304450020646053 
0.0053380782940931635 0.010121116377040561 
0.0038616250988945866 -0.0060889783236542545 
0.00032056418982091226 0.004741573740912839 
0.007263793198470617 -0.006379268942043678 
-0.009226364069233923 0.019208137188971176 
-0.0055124431383674595 0.009206565219184244 
-0.0019373587334277655 -0.001930758307879319 
0.0017793594313643877 -0.004503582395086978 
-0.008827170463558699 0.01711906230721774 
-0.007548194408106108 -0.0014354308819812577 
0.0013679142053838796 0.0018727918771447606 
-0.006065242332344509 0.002344192062080723 
0.023584387023419515 0.00018145161290317538 
0.0004833771966486491 0.0006349654296599361 
-0.011595447714192726 -0.008420543709269548 
-0.006300238978014851 0.0038092335822032604 
-0.013281591603693679 -0.01998583282736288 
-0.0008862792883820141 0.0021580876658577296 
-0.015911736982980006 0.0028746883178437546 
-0.0055211267613745 -0.0007910985996528367 
-0.007024699747721379 0.048027885169038456 
-0.003936558648930129 -0.002119163715207912 
0.0036084540892661167 -0.00046209357886563626 
0.0011414222115863366 0.00871498268807052 
-0.017158818835498597 7.801072647481934e-05 
0.005974131433253656 0.006727900310068538 
-0.01522140221399206 -0.006373004803967077 
0.015690866510406947 0.007242421288624462 
0.0005764353204496444 0.006309697773218606 
0.0024196336005655058 -0.008260806847141337 
-0.009482758618247107 -0.0030933033376646575 
-0.004931824774679504 -0.0022566556751971523 
-0.007988338197211621 0.00024372410431391665 
-0.004408393577834842 -0.004961013645224202 
0.014995867277551575 0.01135261678306612 
-0.004508988695872856 -0.012987893462469704 
-0.0071176470578868676 -0.0006966999970562329 
0.006220747676165597 0.015819242326047266 
0.0007065473384676909 0.0014209900530696548 
0.0009413979735197849 0.004488590293061376 
-0.0024100634828092167 0.013069257454762243 
0.0032408225798648714 -0.006450327733563478 
0.011570539170946189 -0.024584451170029036 
0.019915229636749507 -0.00024469980228255975 
0.00876693612836708 -0.01100439588412098 
0.008408577874631193 -0.011374323133729975 
-0.0001119256771252558 0.006478551688228489 
-0.013712430739520394 0.01316221459483661 
-0.012824877993987903 0.012323494177026325 
0.008335249481329746 0.005936387533586073 
0.008095319539046788 0.003905308326503018 
-0.003223434939761811 -0.0005955239650368753 
0.006354249406728691 0.00012494233430712916 
-0.013868530840100512 0.008206724901740509 
0.012119826204955903 0.014335414383071975 
-0.005083596925807483 0.012168879617361603 
0.0041444305664771214 -0.0059973633882318324 
0.0013569288173895056 -0.005351739081705101 
-0.002427869685872877 -0.0012394948119629431 
-0.001471587045377935 -0.0033000197437080734 
-0.0018705362230265993 -0.003188318303588162 
0.0006814697027977605 -0.006974279387550503 
-0.005448044944813801 -0.0011721318505386955 
-0.007703281028095234 -0.0016600835766214523 
0.017826336974474676 0.017775229357798076 
0.018870056496017085 0.01641314553990612 
-0.004214261946375916 0.003621314019658629 
0.005958347251948668 0.014571060382915986 
-0.0002767782994660356 0.004273155330557176 
0.015393133995454384 -0.0006143061051186728 
-0.002835641833776913 -0.00329940520311689 
-0.004921798095494092 0.002639192461523188 
0.016926797095445038 0.015142195527896384 
0.0027021184621257325 -0.00044552955643077365 
0.013312493260102722 0.009110683212095303 
-0.002233923726827411 -0.0019346631565929208 
0.009009009007444821 0.006833128280476927 
0.016113693998696523 0.01608777065696122 
-0.001767794933340192 0.012251148545176182 
-0.0070837022780366864 -0.0048975614759352954 
-0.002885170225206365 0.00526523740809445 
0.03119739057437514 0.004673735656245484 
0.010152543235645753 -0.00022111851952645847 
-0.033989898986876425 -0.010114156416407113 
-0.027291263662620743 0.005370846187558542 
-0.0026337006123379448 -0.0019146281005863626 
0.007814184090153293 -0.047786246467414535 
-0.06555799155243994 -0.05045417753395101 
0.0108726752515327 0.02348929721538166 
0.00464194735007145 -0.029631686100314625 
-0.02451118498522169 -0.0448797421274485 
0.0019639556349803178 0.03620496844795909 
0.00812867519981492 0.013644510397194089 
0.00611883112887836 0.00015209992965364418 
0.02785040354942122 0.016728447866172547 
0.022727272730095886 0.018528559409180082 
-0.0002723311567562947 0.004846170790806936 
-0.0031054208680173006 0.006996711728169604 
-0.003005792981349387 0.008054714003229034 
0.00010963108854484508 -0.004238126945848983 
0.023129624556013972 0.018217471060788026 
0.00980339636849195 0.01505160677677299 
-0.014376657823175576 -0.022260109289617518 
-0.01087249044733388 -0.012125656135707147 
-0.002611960602180985 -0.03187204113222238 
0.009765944677949442 0.008788989453212742 
0.0272854981597786 0.011131501872242603 
0.0011571030341933134 0.0037857607729184103 
-0.01481481481281895 0.013314338940332179 
-0.0019730176500707105 0.014743520421037363 
0.021051506730418133 0.03023090586145645 
-0.00941915227216415 0.0038446950105169102 
0.0023771790812441946 -0.022610562473164387 
0.004321475625801769 0.009945790171942623 
-0.004302880831169142 7.829559195810155e-05 
-0.00795783926515693 -0.012047878355573262 
-0.030227369313683434 -0.03161843043681164 
-0.0028485346477317634 -0.0019184957538505392 
-0.002417183985581944 -0.006222044073571278 
-0.030343080565075783 -0.03831768847169274 
-0.037766924121667336 -0.026222976322110687 
0.0339963406684613 0.03097193535440546 
-0.023060676975366654 -0.04567939917015601 
-0.004031551274130152 -0.0005372599741320041 
0.00011732958229649829 0.027106394839531756 
-0.02598545284448076 -0.024539877300613435 
0.013068352907225243 0.006895386847099209 
0.03150636071935464 0.01157478217108587 
-0.008759797140106005 0.0026045223091478676 
-0.02244186046866063 -0.020208015100067117 
0.008802188656999763 0.008351207499205674 
0.02069331446207621 0.015943670293958396 
-0.004158724653374711 -0.011312085611259811 
-0.00806217736976189 0.012294479249389652 
0.002689743891823892 -0.003137984135746878 
-0.0005831583902555251 0.008462308237877365 
0.0204224530277232 0.034856162931848456 
0.001315187558271569 -0.0019363968123930833 
-0.012449317568544966 0.014569808223267032 
-0.007922280690006793 -0.01355153075296498 
0.018069480059796385 -0.005135326573218005 
-0.015573113477457908 -0.044470467000796314 
0.01680818890658259 0.0011764936567383005 
0.003088714748195361 0.01846883017685424 
0.011917659805445131 -0.00960539979231569 
-0.016792516623145026 -0.012348915101208596 
-0.02980284272954158 0.01963964495296502 
0.0008861058602702483 -0.012464933337189303 
-0.01794251313587815 -0.0006442921572073662 
0.009555862736540428 0.023922556949165796 
0.00047624716661368217 0.006277368084639459 
0.002558610023791974 -0.00083428928981113 
0.00682533087918163 0.027374253968555102 
0.006661164821688234 0.013678008053492875 
0.01827018797013953 0.00062866149767218 
0.011904077287243419 0.0017664305355745038 
-0.020572857462058284 -0.0190601708780222 
0.01613090402416205 0.0023535298314538732 
0.0048906789383409595 -0.0029396267228709093 
0.009447466367136514 -0.011338877608729933 
0.0009642654547642765 0.01239731422784053 
0.01071003570031554 -0.009123918560921757 
0.008858488447268897 0.009310760659231802 
-0.011003667887479503 -0.00041678629977127274 
0.0015733872757673067 -0.003317149104925621 
-0.004488330337300998 -0.014261011843891327 
0.01577998196162687 0.007054474121020087 
-0.0034398579674573527 0.01609852032215776 
0.021990869618450884 0.03180674476262453 
0.010186849701724992 0.017677534613666782 
-0.020006471093716963 0.0003247636686007235 
0.010014857203431158 -0.0024393240089149153 
-0.001362026694185999 -0.011452396031243586 
0.0054555373703025515 -0.0026604737244852643 
0.0016820401490648328 0.00813653679730934 
0.002491739342226277 0.00825671023637371 
-0.007510671635034348 -0.003976055892988777 
0.011487369337291638 0.015271548039725347 
-0.004198288390857494 0.00012151511995286954 
-0.005729420029909486 0.018398625310259875 
0.012177222071654979 -0.004601775944642417 
0.0017186744732235663 0.0015238943204972115 
-0.002788054264266154 -0.010411680229774872 
-0.00451637184738223 -0.0018831090302852853 
0.0011342155022964037 -0.026543081663031876 
-0.00415407855280237 -0.005645397889421244 
-0.005742456252973581 -0.012946372691021599 
-0.0010352530919355025 0.009275530353810766 
0.006817933891663254 0.0012834090215577388 
0.0037921880930568094 0.010585757181911841 
0.002266717040859452 -0.021792347400351176 
0.008884820418437276 0.019385432817415952 
0.019481212638051512 0.014142510251096347 
0.0165436364589398 0.01217362323162325 
0.007828191789165582 -0.0010484814349465243 
-0.012979712810937115 0.0009194684431492427 
0.0048149106944576185 0.025634803709160173 
0.009429101402920173 0.004512116808057524 
-0.005257516211319749 -0.004172204370720577 
-0.004926108371335408 0.012619735441690788 
-0.005775577560820795 -0.0024357691024356402 
-0.005394190868509021 -0.007458942368799605 
-0.006622861910631218 -0.0017271011660038708 
-0.0027298020878929433 0.017376847186706092 
0.0075275043431349675 0.03532144338448771 
0.008568443047062162 0.012515223383116562 
0.00523207625713216 0.0036638442668353896 
-0.008296830715989308 -0.023519115687557598 
-0.009405528996022034 -0.015147355672184086 
0.031054923148659208 -0.002033220194467688 
-0.003612312387110828 0.0022591722392915235 
0.0027573529412285064 0.0050327456332325965 
0.008198390877075478 -0.0019899686009053168 
-0.0019192888581792272 0.0008662183033561427 
0.014118718692366186 0.014247573013708733 
-0.02095808383516241 0.002728985203909028 
-0.011365953105965158 0.002801840062298801 
0.0023199463796987215 -0.009198623008566175 
0.006120769467870452 -0.002100823361155703 
0.0007668319640870287 0.005740844203690592 
-0.0025541479390189673 -0.022317043716286775 
0.012803441567681062 -0.00649714257481192 
0.0049888006521311675 -0.004583543999535821 
0.0007091480062139104 0.005670463629096677 
-0.0012654383446890666 -0.005092029111503094 
0.0026861284291110708 0.004751918243704363 
-0.00626769106538739 -0.0016151342217950505 
0.00020345880109804017 0.01266820421775704 
0.00996745320945018 0.017343218776881043 
0.0001007049380542572 -0.008592227537002018 
0.005689255867429286 0.01474231409657626 
0.003003754688063444 -0.00814856319538947 
-0.0026952832495606358 -0.016891019433145974 
-0.01541464391568328 -0.017394659289601832 
0.005184771007991861 -0.008788638262322457 
-0.008091024018933113 -0.012676151304699585 
0.000764720872728817 -0.00564262787680131 
0.031584309734141246 -0.00016311393078803535 
-0.014962962966420884 0.010921829921692367 
0.0001503985586644536 -0.012349663654277336 
0.01719298245796727 0.010758328890111963 
-0.01158034790354328 -0.0023823096492048656 
0.0011466746424236543 -0.014055077482026062 
0.007619142473232732 0.004472124908092273 
0.004250271821267161 0.008499681369593953 
0.009350393696903266 0.01347462620293912 
0.0 -0.017508235948334675 
0.010287664556299255 0.006243085868157666 
-0.003619516434177447 0.009613335946888195 
0.0017921146966190463 -0.0035115857004179136 
0.009959870421594089 0.0119865479588985 
-0.00765953372468054 -0.00097937453961032 
-0.0018331805685920931 0.0015417228753130939 
0.003673094582800127 0.004015694673348298 
-0.0037078056528429817 0.002366449742107095 
-0.016578057034162253 -0.028895631572384547 
0.0027031011994253533 -0.00927931244061338 
0.007597294381164888 -0.007240679137685128 
0.0020917449051788685 -0.00883399914706223 
-0.02330097087536128 -0.05057866914876795 
-0.03653081510777441 -0.0017572741902666348 
0.01826154242584435 0.028499425564244146 
-0.009119002989657473 -0.016061905448255916 
0.03451096682223529 0.026578164339665804 
0.0021251359106335033 -0.004985373858447416 
-0.00024658480098115965 -0.02484561123609607 
-0.0045382794011893535 0.00780352399422779 
-0.018731417244455085 0.004286522080148884 
-0.0019189980813185904 0.0022975771005121623 
-0.04938271604759755 -0.04800260942837211 
0.0011709601872372448 0.04269493961226209 
-0.01127060074582161 -0.021997681572149576 
0.011882998169609806 -0.04796214546370872 
0.0047292629832311715 0.015812485295270955 
0.019621324302569295 0.03914264483068099 
0.0005705690128611486 -0.006287322269379702 
-0.03027475375450234 -0.011411214953271062 
0.015289212016015342 -0.01673299993382434 
0.004370261161641037 0.015114076666442355 
0.036015727394669975 0.035593525350205206 
-0.008096346527881146 -0.01005130831633727 
-0.014590347922290383 -0.015012934220251292 
-0.00828328846420212 -0.025812502931107238 
-5.220296408005196e-05 -0.002484041477715986 
-0.006212477161481447 0.0073452053472324 
0.017913427188837337 0.0201694038288331 
0.008989347883710273 -0.0030242976960862837 
0.0037593984980793553 -0.0390865669954498 
0.007849776816837002 0.005647058823529403 
-0.018682549377374756 0.01155240992044914 
-0.0010375058346931742 -0.013232331993716238 
0.0089837461713428 0.024162987850138585 
0.014410705094296839 -0.004014800404340761 
0.021917808217645416 0.040041746057582685 
0.004716512760377808 0.0019056737523360028 
0.029055690071372216 0.005632638059358733 
-0.025546218485313955 0.010964611715687618 
-0.025476765389833636 -0.05026074853357205 
0.0063207928821452965 0.017043832435621784 
-0.03803828953213884 -0.030082434291168105 
0.013842457165352073 0.0028651913021667673 
0.010768200317146297 0.011735847241594965 
0.0011723927027570316 0.011342999762300987 
0.0057023573156536125 -0.001673435619735233 
-0.027641370931726514 -0.018645823523872476 
-0.010360805957317037 -0.024536992611073734 
-0.01567760943070361 0.01198193855567476 
-0.008605024049784468 -0.005540920181586691 
-0.0028572968866890404 -0.013294102696943356 
-0.025681228373040002 -0.029591543574959637 
-0.010043837747916045 -0.003389346019560137 
0.053026905833522764 0.06478047980987893 
0.013148088996978089 0.00425220787716706 
0.002101612991122777 -0.006514158715561349 
0.0206574739174695 -0.0014174412774328184 
-0.014229208405209024 0.009887892160176139 
-0.015216258469690986 -0.028484008222976493 
0.03418351148282559 0.0537861937287169 
0.013456815389163313 -0.0021667865248292595 
0.01282374918422508 0.0073849437003340275 
-0.001196351128669847 -0.001505184524473084 
0.011528671953831312 -0.004029181322464923 
-0.010459838169677877 -0.012276587594480089 
-0.0188472277603294 -0.011823797046888448 
0.013212724870791462 0.03107141831548118 
-0.0024576186198902983 0.0035463955809311013 
0.015234551763588181 0.008261098827904627 
0.009706814577818933 0.007670428479676942 
-0.009319207373473044 -0.025258135596306894 
-0.002079413806730829 0.004717333632253442 
-0.0029271680877481277 -0.001552665098505765 
-0.010946907496036003 0.015913958469131125 
-0.03431101273048864 -0.019166078515843482 
0.0008335504072758493 -0.008840460526315824 
-0.037738795484930816 0.02681450472365226 
0.012171372932134546 0.025076671625071115 
-0.0002137779924593839 -0.00503417325796993 
-0.004757577377142278 0.01985145172180955 
0.011440541410063263 0.011643714689265585 
0.013010461473051533 -0.026841420954807627 
-0.03423149507118094 -0.014813087883216898 
0.009607555774779165 -0.0033220777093137324 
-0.001129032259901163 -4.565959856076793e-05 
0.014209591475560302 0.024072839517447236 
0.002918855806375303 -0.001079037249079081 
-0.004497830457050313 0.0013480217111841084 
0.008892221983273529 -0.0071500530459047505 
-0.007274078792272294 0.004408925604992461 
-0.00026742258085722106 -0.004255471320268909 
-0.007596832867949252 -0.01511043275273831 
0.010781671158368575 0.012215466238821356 
0.0123199999951505 -0.0008735826796471447 
0.0014224751119138656 0.005164954029204992 
0.007049663299574609 0.000825015917426529 
-0.007000313446783302 0.003467586577662397 
0.005681818179875329 0.018813843845988942 
-0.007219083492222872 0.005968501038571719 
-0.005058488774133841 0.012397630249172346 
-0.030028598666648008 -0.0035885476278582074 
-0.009227409225156347 -0.012574922702226475 
-0.003251405273017474 -0.0008571678474591255 
0.018079283467820662 0.02927375866657334 
0.0002172260198994841 0.014832959107300855 
0.017211423606543194 0.00010056989607768259 
0.0021884174015635474 -0.006511245935708764 
0.01853429910603475 -0.0009194044958035665 
0.00036603221154999196 -0.0001688533171234533 
0.0009408812899370337 0.012319929745157245 
-0.0019322157804329441 0.02095341368811788 
0.004028882379770901 0.006184792110917699 
-0.02704674553087467 -0.021144258408171853 
-0.000589180506289423 -0.010369141435089175 
0.009003697947555147 -0.0070243084660520615 
-0.01035746534202344 -0.009792169640897427 
0.007138256764881715 -0.003861826737822009 
0.01241673327624096 0.0041249818141361385 
0.009422044428679737 0.01800035796166411 
0.0034416227767435623 0.0050735497266478115 
0.0025463805013454183 0.004523153045839668 
-0.0030582624909811958 0.007529521029587308 
0.016014142356964738 -0.0064609053497941635 
-0.002712246042573251 -0.0027419956094935777 
-0.00974958949093287 -0.0054741493886230055 
0.0047155145590677145 0.004101064940488688 
-0.009180463148780859 0.0020463166300657225 
-0.003591692257795232 0.010999319287410138 
-0.0011493051925865192 0.002652171414026143 
-0.016474895401297318 0.004938170502006552 
-0.029672959318896564 0.007505317285047068 
-0.027401764672062134 2.426516977528246e-05 
-0.006254578241194973 0.010085977498645251 
0.019278748018014196 0.01257967393741395 
-0.008121940365292934 -0.006761298485627262 
0.01222658440527113 0.005931528662420418 
0.0054853723425797325 0.006909652142941959 
-0.001653165810644207 0.01210520523825234 
-0.0102114036543111 -0.07696609142732871 
-0.017733660497891043 -0.01716478190630056 
0.0020438287739268047 -0.004682898431614297 
0.004589235125922292 0.019602446220142775 
-0.0014099599555296982 0.0033659524211236786 
-0.018016491585006823 -0.012855329202364396 
-0.009892448383389919 -0.006668937909888364 
0.00418239907336569 -0.0033354197570029864 
-0.0059003875752609665 0.0016259742941205737 
-0.024730869941716846 -0.027691171291882477 
0.0012529832895372378 -0.010238244569490136 
0.01227578809646676 0.039065010174574255 
0.008830281976623836 0.012686714596163906 
-5.885122316469315e-05 -0.014147822694193339 
-0.008945912537987828 -0.02017551406693629 
0.007720173404710763 0.009465689072309963 
0.009487889681395951 0.0015570226942581207 
0.004728546409444996 -0.009249448507060925 
-0.004822497237920099 -0.006399186514371832 
-0.01418729565512153 0.0005999276557827411 
0.0019543973883265836 -0.015597584093814797 
-0.0008275209830364091 0.0013345753542446743 
-0.013842877420195845 -0.012809159622523311 
0.03395320935637658 -0.06107119233801191 
0.01375029008874316 0.01623191762446555 
-0.0010301608215207779 -0.010284411946251296 
-0.0005729017443448243 0.002034119475734385 
0.006076239611558138 0.020778673612042102 
0.00039883767280911585 0.01345165284604719 
-0.005467593124274882 -0.0015364964179271014 
0.005612186464578031 -0.0015666716107980334 
0.006321184513164775 0.010900346322757963 
-0.0035651632656105163 -0.0031411592898408966 
0.013119036805205549 0.006587736674805447 
0.01805033913890071 0.010160183066361473 
0.006387313478275422 -0.0011507792678506542 
0.007167478248399656 0.008246169477379864 
0.01646023467998408 0.009411383635349406 
-0.012185345519045186 -0.005669055513958825 
-0.0021100470656039826 -0.026149239816408557 
-0.006885708089886547 -0.0060293643853269714 
0.004640497894288687 -0.0035099092424522725 
0.0014128899040306354 0.00455386102359652 
0.011232906447808215 0.01576449473129119 
0.001556211428277765 0.012113484220592882 
0.0103943420495807 0.009295838020247403 
-0.0139993636636006 0.008924909502665874 
-0.01989889211527338 -0.013467775431030683 
-0.003566725199448323 0.007596183992475495 
0.0037446995972743795 0.013913213552270202 
-0.02342678443738344 0.0032705527497194323 
-0.017247191013015674 0.0006030361559504414 
0.006802721090189711 0.00475150668180612 
0.007665228252864401 0.0028165585826799115 
-0.0023102496190264745 -0.006267445690806029 
0.014006551451963029 -1.7446678588547836e-05 
-0.006405257880526737 -0.014158226688649881 
-0.014014238470967324 0.0070524732324573295 
0.0006822445859898028 0.007152459866264905 
-0.001363558885205553 -0.007328500013086686 
-0.009444159983533896 -0.005000834937291863 
0.007064499452448228 0.10448539024131735 
0.0042203718488861295 -0.00879711454642877 
0.002101317585920924 -0.011513542734042795 
0.0574100311653349 -0.0069053332680347025 
-0.0031085861256328045 -0.006304040503665773 
0.0065591397840092085 -0.012423387730457137 
-0.030552291421000424 -0.034899789780483984 
0.016308539944515008 0.015299569564010093 
-0.004987531173841445 0.003453139023035141 
0.009207802113069291 0.02624383512636389 
0.05949360254804491 -0.013935922974767567 
0.04856050955498712 -0.0111951919596636 
0.0016522499753846634 0.0192047398932502 
-0.02813894818380176 -0.02754600048443544 
0.0022125006284434076 0.0025509108555428865 
0.0236315287740946 0.008858352038106265 
0.009704930888658208 0.017705502717391422 
-0.013737864078422181 -0.013150319162251234 
0.00378992961541373 0.00723773769965075 
-0.0025497695361380436 -0.0014438614900315024 
-0.02133516861842665 -0.03214715055526133 
0.03179626280979206 0.015287199576127767 
0.0052577771293503515 -0.0008982881194981408 
0.004988135016514058 0.0027229757501028083 
-0.002602158828405416 0.018641867773394074 
0.007923470866836473 -0.003982059772813011 
-0.014859553253073953 -0.01658951266728374 
0.0038925651988573327 0.011143539400371435 
0.006446297013564801 0.025367992483557804 
0.0003852636662029379 -0.0053245059353795214 
-0.02594714292464209 -0.0004315603396047752 
-0.027033705644043 0.0013201484544299018 
-0.005231878908045178 0.011749585406301884 
-0.009395424837644394 0.01153937566076852 
0.007577319590778332 0.004302207818513223 
-0.007111065638305163 -0.006663654845267669 
0.01360263808674114 -0.0017461219848939036 
-0.008540056931834674 0.002652239352397991 
0.0031275635790349358 0.005111935151451185 
0.006593406589106256 -0.007088018987495033 
0.0041637046843876644 0.0033335230460269354 
-0.006118527507787684 -0.012374091391619314 
-0.002493004327434501 0.022777249007187625 
-0.003468326021494239 -0.004115457433494755 
-0.002252021701191587 -0.0131304424878565 
-0.007335590437729789 -0.004971063350447656 
-0.0016536613099136085 -0.011402789171452085 
-0.020601480405892558 -0.0236245954692555 
0.01802230326002213 0.009518710214765743 
0.015418959608833457 0.01782241566554143 
0.008078122601030134 -0.0010918114143920069 
-0.005528224375141081 -0.015360029146793814 
0.0031109751145280994 0.011083733485825633 
0.010117443692139667 0.005289817102078605 
0.01067042480710284 0.005609471567921742 
0.010408366533336962 0.0013904315274178736 
0.008723939079374266 0.02125474472944763 
-0.007084921331646061 0.0005068342169412226 
0.0017223561822174677 0.007582580167894114 
-0.004126547456996301 -0.006049143304045207 
0.0010359116026385793 0.0005299119222154187 
0.009362834473057304 -0.0026882799020985725 
-0.007371966992893778 0.013139684583199352 
-0.0012787723817896236 0.0014772104548377847 
-4.92465276400408e-05 0.003283134679894448 
0.009652794878602886 0.019658058855611588 
0.019413687135330693 -0.021224806201550473 
0.009043494907817634 -0.001053365224691457 
0.0112386191165573 -0.0009355501113939409 
0.022039859320378687 0.010816516018442923 
-0.016242257396830547 0.01384112927284994 
0.0031248542505963183 0.0005110851266485066 
0.006137251255050848 -0.0001780144423891227 
0.007347504623407804 0.013206378696392589 
0.014312583143517747 0.0019176993719725495 
-0.0018542806760038775 -0.00928799652272039 
0.0027639329427108514 -0.0003001870396170691 
-0.007410419773246528 -0.0006159531875577106 
0.001274639233719228 0.010369799691833619 
0.010800915331335214 0.0178503347414331 
-0.0008602734797265739 -0.01061526590604317 
0.017356233291050804 -0.003967592943136223 
0.004498886416206681 -0.009433962264151005 
0.010243448183054244 -0.0013046314416177778 
0.012817136336421713 -0.00461828101586813 
0.016468752707889295 0.008762178269797997 
-0.0006395497587238656 0.005249906251674001 
0.0006399590443762897 -0.00042632560618167974 
0.0007674597077587516 -0.006115812001614615 
-0.005282890254060475 -0.011525257479156422 
-0.0030409456896398845 0.0041552964524931004 
0.004768655753117662 0.01950157494904576 
-0.0020095775603134794 0.005747648689172722 
0.0015423503693756638 0.009404199890070837 
-0.0040638234137324244 0.0021930151720845987 
0.004381066919737751 0.0008187204144214895 
0.0007269928157802117 0.0002677256704296253 
0.008461176870613468 0.0039032876834545214 
0.003178100766717718 -0.0018070459982078063 
0.027287319424485135 0.009897390620478952 
-0.0014802631610792295 -0.004444705657632905 
-0.0037061439601824005 -0.0018448550681858435 
-0.0004133256190543527 0.0025284263133770555 
0.005044657623811405 -0.004756496858499783 
-0.0001234263122138108 -0.0005557243310931469 
-0.0028803028468034246 -0.0039144746597075805 
-0.0017744398113513618 0.012533865253505722 
-0.0015295576665203762 -0.006255513084386938 
-0.005216743261962555 -0.011650356168031421 
0.0033295875476467176 0.0006586136183333196 
-0.004023727548491329 0.022699735232083223 
-0.006788837986890448 -0.0049072306690945465 
0.007673921248568131 0.024657151676392305 
-0.00940491052696249 -0.0006240092955868328 
0.0007561754321025601 0.007880345070119294 
0.002980438248743274 0.01104449128403782 
-0.002804168581991429 0.006972665741673364 
-0.005624108120142115 0.006644611220300336 
0.013000168835035127 -0.005801713416201656 
0.00708333333509332 0.005814603600581415 
-0.004964832437356695 0.00868538076709283 
0.004116424115368799 0.019763036440035856 
-0.01610832746813603 0.002708745668371166 
-0.003577441078333309 0.0010441929399083497 
-0.0072228088666600404 0.0004710791076416067 
-0.040205922398158185 -0.013412706420475602 
-0.011702646394050713 -0.022369793619733926 
0.008477237049099768 0.013013459794964679 
0.010273972601690906 0.004178829101723966 
-0.004402377281814619 -0.0019127537483804604 
-0.04466062348058349 -0.014843664138916296 
0.0038417033072004744 0.03605418935596107 
0.02273146440508952 -0.02615852591625511 
0.04566971732861715 0.000801619824887588 
-0.0021126153336848506 0.019333945574943206 
-0.009159645712213319 0.0020322036539021696 
-0.008328609426279403 0.019909006712952038 
0.0067716119962859395 7.291141925385102e-05 
-0.008560447239088755 0.006283180561907236 
-0.010396475775137824 -0.0023777062050886204 
0.001972740315593636 0.004014102174745439 
-0.008009665293717027 -0.0007036048239672372 
0.005728720287428731 0.004619423953884713 
-0.003677789739047117 -0.0055938009681074504 
0.0029260826514767957 -0.021763330369199477 
-0.02203869114388354 -0.04277124253422304 
-0.03442261795679869 -0.02331192537932869 
0.01977374275028577 0.0034066765097771025 
-0.051458935396372966 -0.05389827588682018 
-0.018525798522196126 0.016114225887458377 
0.062434286281813474 0.03716783765016835 
-0.03666352497493536 -0.03435293101338253 
0.052294296060204165 0.03364420489194036 
-0.013899865186545577 -0.04866860917981711 
-0.006930039602189411 -0.01564016254245503 
-0.058295751243852396 -0.06380881231660271 
0.042496345212740184 0.0533334430221463 
-0.0394100580250368 -0.050750162059997356 
-0.08260760131101053 -0.08268814638681597 
0.10897717296045081 0.09401655739028256 
-0.0664027709063194 -0.11100817394013436 
0.10133559465449557 0.03271144393312002 
-0.014051973047006281 -0.020539382032505805 
-0.02987114408773364 0.01685813274981766 
-0.052877842620498515 -0.038528095831577465 
-0.012324037187302893 -0.014641151894956773 
0.0882590222152277 0.07366886865666006 
-0.04546802412083911 -0.028180808490383114 
0.027700113906716728 0.053751054431332705 
-0.0011083681770814471 -0.04393372068000858 
0.05149543551405586 0.032510736375831586 
-0.02758058326815998 0.013942902983903323 
-0.024268731812071193 -0.0491825835691128 
0.05596279258311159 0.013766031728803774 
-0.016612409040858363 -0.020484636522607874 
0.030037486004356795 0.08110175975516445 
-0.013233765009415584 -0.0003454318740943634 
0.049861097808035285 0.020033543754372052 
-0.004471006888673609 0.0009667184453184989 
0.00027496448265194087 0.005043542861859672 
0.03908003848363521 0.04243733368376103 
-0.022045855377422034 -0.005326063833978074 
0.041027953109255916 0.0007920980300521992 
0.017626678216411517 0.015655298503328113 
0.0069370557949043595 -0.012967075784141906 
-0.024725274723968033 -0.039688617648684275 
-0.006327193933287346 0.038533633687949195 
0.01395612542824166 0.010370405554104154 
0.01630177642454185 0.0023505261260978916 
0.02602844083089975 -0.0026811327981488744 
-0.019634533677761436 -0.033083048562560766 
-0.008330878951793335 0.087389658498626 
0.014977300692532624 0.005352297462504148 
-0.03444528049605227 -0.020798422137529235 
-0.0003030565419950189 0.004687227871968299 
0.02360226928193382 0.01832227916792278 
0.0009730918927879978 -0.002819903634789133 
-0.013779111539828904 0.018748608327766637 
0.006385805511441636 0.011518622136737152 
0.03372796184222806 0.010724806787816002 
-0.022781576997058052 -0.019611476134144764 
-0.0016019560736470393 -0.019196941282509837 
0.004855803740865982 0.00503953814115167 
0.016051769059669287 0.012579914904913204 
-0.029184013324020246 0.007828486953735463 
-0.024700887686131497 -0.007558131132852607 
0.0019346612107041914 0.02420129889040977 
-0.013560363364372285 -0.002786624203821708 
0.0073405107213884895 0.005431993156544139 
-0.01779799496248658 0.004679457182966711 
0.010836330935260242 0.0005786792000112464 
-0.00302477647714561 -0.0007828810020876121 
0.024851648594572086 0.008604321218580855 
-0.012146277753731304 0.002029504800828502 
-0.014058437266386548 0.005168247405400184 
-0.012158054712850242 -0.001973291088228289 
-0.0005429864221441533 -0.016847909327615287 
0.021685983336649135 0.01855995694599841 
0.00035449993453164313 0.005714722710808473 
-0.0037652270200917554 0.006601641078106873 
0.009871053801651248 0.006654488517745184 
-0.03619232124072844 -0.042303100590101304 
-0.004568296024149846 0.0066531798495556085 
0.008627810922792226 0.004719851682021997 
0.03225953225777286 0.01610733528189606 
-0.003967029573783443 0.005822335588333054 
0.01925034296233439 -0.010447102927393913 
0.036384161169934114 -0.002952728488258732 
-0.01889400921951261 0.014066996340066404 
0.0066612579538955635 0.008644084140344236 
-0.013743372215212426 -0.022152266100340788 
0.011182314739226918 0.0065364497859591334 
-0.009655055078939144 -0.05649643038027367 
-0.0054973372293102805 0.025788660930950755 
0.018569701155590035 0.01336229452963137 
0.08165861104052086 0.017281994326582343 
0.012229539042196808 0.018539122694779062 
-0.0077060099127373525 0.02116474363350857 
-0.01209756097709992 -0.007033496021929519 
-0.006162354336249134 0.007285312218047601 
0.0002782304571721742 0.010020053475935835 
-0.010410871811460226 0.020350895770322768 
0.00401541920850009 -0.019717980982526296 
0.012198048311157164 0.006113779824526586 
0.0008692559983435219 -0.00456404792907958 
0.00746121353117442 0.0028804735604238125 
0.012774294670033663 -0.001613965744400557 
0.009633985917490475 0.03310349378113561 
-0.011649741330586414 -0.004662391743095799 
-0.003605909038083192 0.006461672719805916 
-0.018445015175468548 -0.033669325274627154 
-0.016888677447981375 -0.0025137232133433 
0.022864747156171438 0.012124058285434697 
0.006386753397766884 -0.01951378904718346 
-0.025149841341760796 0.014450057986856356 
-0.010890094433611863 0.006195713591148647 
-0.005972210938841353 -0.031662803225701135 
0.01099440062022773 -0.00573852295409181 
-0.015240944371226708 -0.006429516090745714 
-0.008703148732336555 0.005897731694164299 
0.0003313040966807186 0.017976262376069658 
-0.0035603394756111464 -0.003739750683287714 
-0.010469899039391878 0.0010772905807331598 
-0.014779359283360558 -0.010547423300581494 
0.03012998082511688 0.01776642888024208 
-0.005212642728845354 0.007852013115450581 
0.0035348914571443 -0.0070598307484606194 
0.01376663468593128 0.006798299430269345 
-0.0062137360610342645 0.026759245839866067 
-0.004182194618337456 -0.007102527909662477 
-0.007318391615488816 0.022112656943645698 
-0.004565827503593748 -0.0008408408408407948 
-0.008710654774190195 0.004922742055909171 
0.053699537294379915 0.012605465306636431 
0.007896221094895801 0.027458929748417557 
0.010512431049030478 -0.010923637419964041 
0.0012262173169387443 0.006167665037048916 
0.0007901390626214371 -0.006221076252272862 
-0.00971103742319983 0.016234441738364178 
0.028940444870485586 0.04068741682774231 
-0.039555245620306975 -0.05001504385863405 
0.0019765237354892797 -0.030940895580568117 
-0.029066022543840365 -0.036862681013676506 
0.018202172653212445 0.016033777302122784 
-0.020075742153678168 -0.016018394820676223 
0.010679853725114754 -0.007375882821373059 
0.014555322562458645 -0.000946919880056851 
0.006484295843397472 0.014585856458322418 
-0.0023756794848793714 -0.013325202408137822 
0.0012915724915052286 -0.016680912617529173 
-0.0014511447911081969 -0.02376415050182876 
-0.018286775393899574 -0.019746710593908128 
0.017722768205345314 0.023966572570502217 
-0.019838383836330402 -0.03428957460456102 
-0.009357351910923944 0.009242444584195934 
0.014563914780676807 0.011671299245951504 
0.013165449919277861 0.013536706898460819 
0.005141075984070281 0.003284352552372071 
0.0236004832878525 0.0001837572226797124 
0.004839471199323185 0.01394256940664127 
-0.03907748933100601 -0.02125374977350351 
0.04319302391934663 0.018924589624387974 
-0.012968243426761004 -0.02192433480033911 
0.01970794253639408 0.004712956847203812 
-0.0682268017234499 0.017558156256634025 
-0.014119705109465829 0.01971156110987729 
0.011871567385965835 0.03559219123295631 
-0.0007097824717489218 0.001612337889940396 
-0.007061084651955331 -0.002290542604092523 
-0.011108773403800381 -0.0057076169583183374 
0.0030211480362270014 0.008902400697824994 
-0.02125403020650552 -0.02441179649207576 
0.0016904338758616353 0.013892780576172555 
-0.009216789268664812 0.02402421702775824 
-0.004323710530506083 0.013820286071134922 
-0.0035968067344664297 0.015891489664650614 
-0.009992956506736213 -0.03080438756855573 
-0.006358664238466537 0.00868307711653931 
-0.03168352277725499 -0.05462954882625017 
0.006654958869362373 0.033376851155859824 
-0.0040400330539176925 0.034308721063780905 
0.015073292153594453 0.003096834689483706 
-0.0006811679744252448 0.014870574343646836 
0.04666909024800783 0.0599438859296696 
0.007120218815091827 0.008141190191695175 
-0.001293270682994666 -0.0009186954524574485 
0.014373893902059752 0.0007095217823187171 
0.028085106383362146 -0.012824730572887067 
-0.003766556289429579 0.007078873126138357 
-0.014749262536745883 -0.0016374642696168323 
0.007674791258532916 0.015532848717597074 
-0.0029491068406842483 0.002453545823907512 
-0.017831488212231062 -0.006304101314711076 
-0.020134228186907317 -0.013202270993983627 
-0.013566912537919919 0.009812340420659786 
-0.006676458808660827 -0.012319152796045183 
-0.004256844555504638 -0.00420734822263941 
-0.007920079199817479 0.019609651499256545 
-0.0006803955396562468 0.0014415901587444906 
0.02042576369934967 0.012283861061402364 
-0.012321515948246252 -0.018096241892939423 
0.01369122680641832 0.021218351374990004 
0.0065754398413475435 0.016600856459596317 
0.001544844636667363 -0.00064553187997487 
0.01013617733601813 0.0006678454321014836 
-0.012041359451183809 -0.0046553865174317095 
0.010995804813581825 -0.0005111350495746387 
0.003974840571500425 -0.018927167248632068 
-0.007352621275716922 -0.004932376003990842 
-0.0033309957913996904 0.0036274946066365437 
0.009058926996765776 -0.012184513152651597 
0.004663122115442552 0.004380532481847231 
-0.009066065152537217 -0.002698314826023737 
0.012257047801780777 -0.008564946114577374 
-0.011892406159418075 -0.00966302420046919 
-0.005164339796958033 0.0048295503781029 
-0.027803440233245522 -0.009123993169940779 
0.008823928682134517 0.005152306353350803 
-4.485511570393832e-05 0.0037347464182222144 
0.0032297133616974957 0.021416453403111258 
0.01439749608890658 -0.009779909801868087 
0.0013223431889773402 -0.010917030567685615 
0.012105471674568716 0.007105408388521045 
-0.014178844817013227 -0.013494074936639552 
0.00485308391478344 0.00733694394297092 
0.0241043203376144 -0.0032339222939595782 
0.003301178993752679 0.02994312189893334 
0.01910093154451511 0.01116799552384951 
-0.003857604092135797 -0.022404701169205576 
-0.004125099970518553 -0.011416636478898791 
0.004860729530659677 0.004494575019323888 
0.01648860099263873 -0.008105335157318757 
0.01584871306964793 -0.002292866255214983 
0.011324290194386742 0.031488489163052344 
0.01647400007914431 0.053627865941503074 
-0.0013076557292398883 0.0023053685939900944 
0.005832638971534868 0.005181758096497002 
0.014201183430585898 -0.0008679414008047466 
0.005834305719739162 0.00939243971780558 
-0.02915699922528237 -0.045090859777596984 
-0.013184099422005241 0.01765358124088505 
-0.025509586274162898 -0.014690490631256282 
-0.0041419873255908075 0.035740355388017855 
0.0002495528846770693 0.013758645173166478 
-0.01417938375801834 0.07396070578103366 
0.0005905179692370021 -0.0037196809769719247 
-0.003793946547136425 0.01727624044182184 
0.00528943804909588 -0.002426120114394731 
-0.003872542829200693 -0.004491354143274024 
0.007648425942611504 0.005697116884488143 
-0.00696133523308759 0.0002433926065915316 
0.009232471067843098 0.003921961553325916 
-0.018422494832666045 0.008454881161156006 
0.011896581341440844 0.0030208775154342117 
-0.013072450234124155 -0.005220104214141797 
-0.0036124371060881396 -0.007585490270168122 
-0.0009495446503902056 -0.017257298418953407 
0.004277012138543143 0.0028960520708225263 
-0.010625483952803879 0.011739084245192792 
-0.010739597372343288 -0.030455762539555346 
-0.011427566810245654 0.002707545683679899 
0.009425573540194 0.021920996042928978 
-0.005946088794805198 -0.0027239840308238114 
-0.007753998848658357 -0.023667527362417194 
-0.009064928108372707 0.011042527051230867 
0.02622684872497796 0.02901287888770128 
0.0003512931973462355 -0.040013469035446274 
0.005179755059375417 0.014094665961850904 
0.004235992839258826 0.0011350903687827652 
0.00526178465713864 0.029070135229169295 
-0.0035039148704346275 -0.024990897355267907 
0.024309776005005834 0.0022163808489173726 
0.01847770808628244 0.01259623806551215 
0.016436418107614103 -0.0006881654655630792 
0.000614074591444525 -0.02623524685808286 
0.006218803698028621 0.0034279203622398454 
0.01524762137124225 -0.002256264682850493 
-0.018623092633603722 0.0070489897429106 
0.001754815539758578 -0.0038481022523576157 
0.0031775777076371303 -0.0003422882458216607 
0.026842639592499603 -0.004309417128098743 
0.00830499090480846 0.010021861413377154 
-0.020434577971178303 -0.00019942119214954378 
-0.003763763766084281 0.006368156299561257 
0.0014468871840614508 0.033413418542706956 
0.011437974071423995 0.041071219740381325 
-0.011586382033188392 -0.00035946170609520427 
-0.003934162984647715 0.011205753455444358 
-0.004997581817111605 0.007005440773799038 
0.008384640313150544 0.009022529839677967 
-4.0168709519131327e-05 -0.013600888935552235 
0.004057202539482661 0.00553488351465104 
-0.0013202640551511402 -0.005482364253044338 
0.022073551800526666 0.018546770502563245 
0.002273350841983997 0.000478956397551385 
0.0010167768173502414 0.002019357983427282 
0.012384263779843576 -0.0038090687977762254 
-0.0013892104664131176 -0.00014823663799311376 
-0.014413787771773346 -0.01106270903374623 
0.007763183687186372 0.020891389467000646 
-0.005874800605537978 0.004941044357102578 
-0.0015262993110030784 -0.008432398978828701 
-0.07219848704441575 0.03155015777246089 
-0.008449157196082782 0.021000794147677863 
0.0210046440249214 -0.008136170773162563 
0.023952595563061153 -0.006203010638474358 
0.008069117285091857 -0.01708438231941786 
0.008044954724606219 0.001057661675692803 
0.007820332864383743 0.010442390760117845 
0.011579785116449099 0.007281583975476157 
-0.006254671332644133 -0.023775477448107176 
-0.0012667247262682995 -0.014049862063664084 
-0.005826397145155353 -0.030180703061383724 
0.004943587287954081 0.010222948711077708 
0.004244852622545658 0.023956993240405514 
0.003978041211470455 0.002266682785299807 
-0.006022664238287848 -0.00774529273157263 
-0.008889420393215143 0.0022922337557469514 
0.013272734586595546 0.020522283006527503 
-0.003651808043550501 -0.00466450772254041 
-0.012987530375628564 0.026254743934160663 
-0.023208879918379405 0.0009972285356945867 
-0.014256198348224927 0.010153295670113378 
-0.01358205826978678 -0.012746914975364997 
0.011176745572014538 0.0037668937902442553 
-0.018323947213594413 0.007567715503657384 
0.006764277761136611 -0.003510562554273686 
0.0024664058544149256 -0.006884788211194108 
0.004708577246483979 0.019608169308120687 
0.0014355077039794153 0.005844780892093813 
-0.0015599308558131703 0.0067961834320725365 
0.011401064095905668 0.0034436232555330295 
0.021376085507479284 0.012121698643332993 
-0.00764388489544818 -0.0030417195431472373 
-0.006508217652306397 0.00521494234127447 
-0.005555785896778887 -0.002524692921362586 
-0.0011257035648185826 -0.002669935651773749 
0.004925285920245944 0.00536610009029696 
-0.008639308858773792 -0.006358262576065776 
0.006535947712946979 0.007067911680968404 
-0.0013736263737367546 0.00430587956189944 
-0.005001875703791305 -0.00423623715053987 
0.009383771105189934 0.006488140659410118 
0.0071799128427422355 -0.0022548357191118076 
0.0006593044366673113 -0.0013819441710304415 
-0.0015648163414941187 -0.0063160633814200425 
0.005320465231802126 -0.005574578335720441 
0.012923076924100486 0.008398767914711499 
0.0072904009726235605 0.018600363223429978 
-0.02030558906334266 0.008172841616233797 
-0.001764826598444164 0.002361852802243995 
0.004358194230585734 -0.0069227960254464515 
0.0037661699664074356 0.0030771731809841607 
-0.0033849918409015124 0.007636533422857283 
0.0018823914543395757 0.0032972335406389478 
-0.0005309806791304608 0.0083056922237194 
0.00788720882636235 -0.006177956958719044 
0.005392693507543306 0.004410874061546521 
-0.00496047749676339 -0.019655581722546438 
0.0006484821451547237 0.014293561514537374 
-0.008262789092911733 0.01143388900966046 
-0.00044925464711962254 0.005490175376412587 
0.012176186973508054 0.033657470083290515 
-0.010657193606529048 0.013267690253671456 
-0.0016321201227898088 -0.02039464497348626 
-0.0017573974157888599 -0.003033703347673269 
-0.007328556808506616 0.001165847274007045 
-0.003794440321751867 -0.009663799385530254 
-0.007245176781500431 0.005683288838272122 
0.01789065432397268 0.0021361943385334696 
-0.06460996394441919 -0.001845465218667356 
0.024878454728585322 0.006700801670238229 
-0.016410957730223986 0.0007010369504891258 
-0.009819682814849318 0.007049242534808432 
0.00030716573639332585 0.0006847726844538024 
0.0007457448690653134 -0.0029472144478679303 
8.766930839471014e-05 0.005083902548850857 
0.006706114398959713 0.00011922869870905207 
0.013714733543412011 0.0036848113521091115 
0.0005626000753106234 -0.011629329954792805 
-0.018858131484408056 -0.005320446757295176 
-0.010800564276669726 0.002515193673573951 
-0.0038326128629262803 0.011127463690578284 
0.009439448847361047 0.019232575106366074 
-0.005584116294282055 0.00920626933476023 
-0.012434263304236378 0.003872934054782951 
-0.0005415406800541089 -0.005785239594263716 
0.005915022351468838 0.01708027553597946 
0.006059789925517833 0.006357639717607221 
0.006246374872417829 -5.1557199275480755e-05 
-0.009666119809338257 0.002612366116236668 
0.011685695098536786 -0.011128481507384717 
0.0018144804409715315 0.003855247921563695 
-0.022220258870183165 0.005139008806769162 
-0.002123430017567892 -0.0043671273167077964 
-0.02395074025109797 0.00020706291606701558 
-0.008488728086144415 -0.02065024997671021 
0.013894736842824336 0.010879292000479178 
-0.0031376891812273373 -0.00041125013069399886 
0.009674134417769346 0.012551776076314799 
-0.0035300050444101085 -0.005733234163877558 
0.009293338240090557 -0.020156053569387673 
-0.0194639438381817 -0.017294213701767536 
0.0011621960843433037 0.004528223166950693 
-0.007986627041296239 0.009251932558281141 
0.006599887657988417 0.0063006204834024125 
-0.006696117180121248 0.005686525437770675 
-0.002340714387974493 -0.00793645229364869 
-0.003941626390568775 -0.03757570617875497 
0.012389880814415399 -0.012211419843740735 
-0.010469986041676054 -0.00933311527568191 
0.0059722548777144556 0.02398970476229784 
-0.011593118922253098 -0.01976733534853891 
0.0019863791172505907 0.018031622621761962 
-0.008873784576373755 0.00864316294234708 
-0.004095628156548118 0.013334158451883495 
-0.0008129303741351384 0.006254243437714364 
-0.01076812634291472 -0.008628691380590647 
-0.023270440251845412 -0.015372981148382075 
0.008519490809905408 0.00868242230073211 
0.015568979914133467 0.025467730239303765 
0.005126221101982807 0.001859813877181646 
-0.022661662817497315 0.009073583906829023 
0.01796878846314045 0.006026140087646594 
0.013927846020756194 -0.0097829261170057 
-0.0031956501013692875 0.0025664431415229946 
0.0011962294832451204 -0.029104114357352762 
-0.007694513474590019 0.0010676284941388769 
0.005057072674265877 0.006478205414597947 
-0.010063254742814904 0.04836688813792318 
0.0028560364042471073 -0.00203855150159644 
-0.0009653907427031111 0.014654859747209632 
0.013625163064774124 -0.030326329242836517 
0.021307021308887588 0.014529748076842892 
0.018062167459559457 0.006355278583328179 
-0.014670150825806404 0.012895973840179736 
-0.005397106037120719 0.003752950908980956 
-0.011227019693966132 0.0007404131572423249 
0.0016085537194381427 -0.0006896482459166463 
0.007085163668420124 -0.017571365876373906 
-0.007738849021434635 0.0008320488862821241 
-0.0008035545464112979 0.01974473246654122 
-0.010549221818145512 -0.0017207333331104632 
-0.0096914175506269 -0.002088521166358823 
0.0020935780709869364 -9.39118302074781e-05 
-0.008745505781750961 0.011049093665723007 
0.010097049308891297 -0.005019607322721157 
-0.016255822981366568 -0.019166069255264172 
0.008878804321018159 -0.002185907525573177 
-0.0027379846477289505 -0.000269152408402994 
-0.014119723488748324 -0.02666007804113348 
0.01183549654383607 0.023164292816828535 
-0.022558608148621435 -0.02506262233598431 
0.009654062751407965 -0.005854603655968269 
0.0018426294820715942 0.015241706562725102 
0.006313068548988469 -0.008735780882133153 
0.031367318711717024 0.008953097975378974 
0.012117438574644385 0.02948611405701814 
0.010458073064546698 0.004620482110830719 
-0.00449585538331854 -0.004131911874960064 
-0.007903278919885246 0.00384184300433477 
0.0023709042628858646 -0.013253741382209468 
0.011116892946686328 -0.011819678332975569 
0.025778983812108126 0.016541296332702182 
0.015188141391106101 -0.017167847945795713 
-0.00035942133165609 -0.01405358381921935 