1.2344973147010023 2.205419657082871 2.2357216437998204 0.4648661084148671 0.3536150197205643 1.0271476698391098 -0.4746099340974297 -1.880735041592402 -1.280791609345556 -1.4178584583140719 -1.75902733773205 -1.4649836112885168 -2.5147708482081725 -3.1391579312632985 -0.6987291135785654 0.9010120064989451 0.7735506840966764 1.1555901361657561 1.79911323423471 2.0094233396837353 -1.4690892631301722 -2.0653940277436504 0.9988339530731309 0.6194667004410803 2.386889708544345 
1.9651638003077778 -0.8894824201851179 -3.933523204013568 -2.3129749527605554 -1.4023251924912756 1.0662741219133522 -2.4482200885623797 -3.436511982890579 -2.1526566315687887 -3.8122043807243244 -4.312281985316758 -3.11943148667649 -0.870219585964378 4.580937584225694 6.860836940570493 7.254544190364527 3.445425550763048 5.413021906414656 2.6553924784126366 2.38137607427052 2.9651974601835036 -1.0187397179231539 -2.4102694410289587 -3.4270613624458974 -3.0422676748717095 
1.407938306304004 2.057748463507096 0.9715162448451338 0.8726639599508417 0.5213183493528959 -3.7509366939648316 -3.714164240609989 -2.3662675167317957 -2.9833152392823195 -3.03706054866052 -3.8463492674022746 -2.8705692199951045 -4.307711362233931 -2.524996247283525 -0.07598300425706839 0.6686785859330939 0.3639851406564958 0.5742940658897169 1.2446767195754092 2.2838892767958896 4.468963625341985 4.776667722337606 3.4668453320275603 2.2744895779669605 3.5236779699384897 
2.1247039609841067 1.7444910506106908 1.0294867480442917 -1.722293920392417 -1.6584234444903814 -0.13548737716484993 -4.557233598825746 -4.213520230212794 -2.716578154733611 -3.439177381281752 -5.988622138839332 -8.11379978493676 -8.025587758596316 -6.168244109796433 -7.126938322651654 4.0104666312207655 4.012751930467857 1.8708311020028532 1.8405930905950072 5.851126417899991 1.498541469657539 -1.2725759556699359 6.860771529612407 5.642716674091616 18.652001572403833 
-3.839201476428002 -2.1588723187561527 -2.550112648838649 -4.7956997422015775 2.1405402126057425 4.948146336666127 5.985426627060065 7.036650069204143 4.590197320833113 1.1324589483728005 1.2647620776269832 5.564672131742668 3.766963131963621 5.632981921148144 1.775494706326299 1.9501276240539482 -1.3636192495979458 -0.47152838917304507 -0.9291406047119608 -3.1738062318734137 -3.9859120046689895 -4.292763561380866 -5.295358485885799 -4.520516324463983 -8.411890069620426 
-6.121078874438808 -6.982376342145244 -6.378984991895095 -9.91778934863953 -5.817162620244289 0.23492121097092422 3.0742124479427275 8.324809201454514 4.592443914854357 -0.19110803647367902 2.7888715936156814 6.6098292356309685 6.607319825663581 9.773618939657467 5.5437286001728125 3.4198704258958514 -0.23399014523386086 1.3081567850241527 0.7756359475202999 -0.7374944175511473 -2.428034516878597 -2.4396285105231073 -2.152457100083211 -2.2219787731287397 -7.431334451165526 
-6.718124881578547 -8.306649463751569 -11.462266883298298 -13.873004653875682 -7.457403976215232 -1.7789214059564529 2.5399553514558875 2.858823980955435 3.6360460748468313 3.091753467607873 -0.10161959585002478 3.625319592037272 1.785612867125451 5.351569133506587 1.3680289635651661 2.6060088105358545 3.1642921497893894 2.627668251550631 -1.4105544862447914 2.1450958492796417 5.156846733765974 4.871351733317624 2.8312350145849905 2.2473428601470005 1.201594512702627 
11.301466773344487 9.416779344981592 9.364032651133357 4.611126551415055 7.008094949040014 9.990451211137383 -4.591379674945415 -0.8376952579351382 -3.1026372987060995 -5.9894033032994685 -6.237415555004304 -8.815127812915193 -3.3998420847333364 -6.787824319017204 -6.382961418322907 -2.3673974463588365 -0.4969558804859844 -2.4235202355158663 -1.7070263329027284 -0.6768926053729274 -2.7955469588974893 -2.7470957752540244 1.9921448323992763 2.5631600559189565 3.111465590298053 
14.675189182603958 15.442301567231198 15.184220104248539 13.923990223529472 11.55082934054019 9.076896916259443 5.922334728772512 2.708691163379399 2.043979374702758 1.5322016154210587 2.2779467810933056 2.46005285965191 -5.687041024175642 -6.070850747647796 -3.00146808235354 -2.5658337646100335 -4.349227033923853 -5.182078356519128 -7.767032594412967 -7.93524817762534 -11.367941002960492 -10.278903685912951 -10.832106652579228 -12.520686930986471 -9.240215803724595 
4.395960232228845 4.425191642131608 4.701527172167289 1.2181314285118106 1.016948994019799 3.350158012637621 0.24277539885713395 1.5303696501434843 2.593570281473035 0.6626347459784938 -0.29342580505499427 -2.6575641943603614 -0.16156035271774272 1.6600850397419435 -2.4485877082520346 -1.5905519995874329 -0.6768092032261848 -0.9054325917495589 -3.5080802077968656 -0.13938856047900572 -2.7501744356015934 -4.631265215745202 0.29594816902624643 -3.6088814540132717 -2.7215790383327203 
-0.01405358381921935
/
