0.8088787843343425
0.726667056498594
0.44158255931967694
0.3370494854583795
0.9449432210935831
0.5143927978791947
0.7490449545672732
0.8573361631920675
0.4720649150389708
0.7434217420457226
0.4516748675099184
0.757301331047933
0.621039492723067
0.6520521864789618
0.7210742450636104
0.4266092519918775
0.6440879860938385
0.729421843617909
0.2885707968349193
0.7345195512664385
0.8307100765536397
0.4609357260534292
0.41586280947716026
0.2594089616779306
0.5528105101502476
0.5786847170556025
0.5655317462301223
0.3653551550877886
0.731993301162438
0.8202916379517385
0.5513908543748303
0.5257107047922258
0.5384841451804014
0.13914830561903577
0.697748929561582
0.7481800330962675
0.4111855763532984
0.5
0.27326478172145735
0.6148858986329838
0.7713661587395886
0.5191623889871434
0.6601835734970559
0.5878876342370413
0.5189542503328083
0.6296162777230105
0.3828410043822561
0.5
0.6412533245567412
0.6346800518426794
0.5925535740045133
0.4381296597192914
0.3837135735585989
0.4687204307245046
0.39496414677342856
0.7789853352006976
0.3607105101382517
0.575145753988703
0.669202382556295
0.8353718837484653
0.5368154735647385
0.4815943749176463
0.13672616191505307
0.48123535031999276
0.3714381417488248
0.2877016903794084
0.32366579414576063
0.07006016684984363
0.6406500355770907
0.39697579007920614
0.7252936276789097
0.9470806594058085
0.5996825226018568
0.5625634662412757
0.43759189341674043
0.5810399692561443
0.5685229802741465
0.24043656078013148
0.4433258064509838
0.3878426948694327
0.7039171593960303
0.6057048138452685
0.5931900515596509
0.4071519901801017
0.6963065457337919
0.6338173175326401
0.7755778286410401
0.47552178883697227
0.45111303313364987
0.8512541698385451
0.32641102617760964
0.7921401035159183
0.4521393036029098
0.25765338487691153
0.7669296853019723
0.5180080614127347
0.45809183210811766
0.4049919216214253
0.5301348061804427
0.5718237846868501
0.2104665638707992
0.5485674535250844
0.45755438648388197
0.6855394243652259
0.40452154201345836
0.5603544459106677
0.5482520765501752
0.5301565901105993
0.35362648390987084
0.8872653031243104
0.49405497700550055
0.5356198621727312
0.5059379631505337
0.21313967321593286
0.5716874334566964
0.4109874439905808
0.565832764266496
0.6673992731902882
0.8350364087397175
0.6544710424237824
0.3571668459913481
0.19859022381525285
0.606268720602106
0.34418506611111077
0.667510724017472
0.6664392777399577
0.3892790554423217
0.8066786301716257
0.5117349338069451
0.48827057094528964
0.44158255938247876
0.6043274979313199
0.2539248090615775
0.7392665863657112
0.953642686303155
0.9628057458717719
0.21045776171141178
0.8331141542359373
0.478036121859971
0.623854067224662
0.8910116219813259
0.2352333962295326
0.4567245995958958
0.44588854497789027
0.15751578262977858
0.13725049256936583
0.621610567989599
0.37896630749178234
0.082091749089472
0.235197732494359
0.5058490546877534
0.4360250986978695
0.24931828624972735
0.48814545177796376
0.840336706246833
0.7082323536483441
0.1385441628545469
0.6156804081861301
0.9006531369659763
0.628961690043582
0.12815508082347404
0.2021273642113818
0.4239085991727766
0.5588969014650873
0.5059029134034012
0.1425652345033354
0.07095473096171993
0.20073730261647296
0.8286631356275613
0.25279818331083104
0.37217241219680736
0.7944057218098962
0.8554765425285799
0.4158766758251779
0.3806068019128599
0.8236787486810638
0.16933305011760838
0.7413293426547531
0.9682170197251868
0.1689268398608036
0.9468967728128214
0.2548308154350065
0.5235618803619173
0.47646028880874125
0.5988915899275485
0.6639776748719566
0.19058201940606637
0.1155254427948062
0.23005135321611345
0.4034059039909581
0.4877265024558276
0.9968209015639937
0.4594389213471792
0.5976138971882524
0.919336939349621
0.7256873337194372
0.5112013520631655
0.5279663020207348
0.8513167979624019
0.5763549185356702
0.44000979246684396
0.48901517147935836
0.5923547797316323
0.23457526339098544
0.5823546036154782
0.3501201416408601
0.19426396003682522
0.3370568946936625
0.4323136480037862
0.4772522269111459
0.932149523817761
0.7220607932304491
0.4945020909539298
0.6341202802194331
0.36657783040381037
0.43980069508545855
0.592633328690143
0.5869797864689169
0.41331871915928764
0.7499636211940094
0.47286458456615604
0.3723660783639058
0.46180645215726623
0.5382518726831982
0.5381935479230284
0.5435574320127935
0.1851063199258721
0.5331371962925706
0.5713176949884857
0.7967233482478642
0.7000722259427301
0.5536717270370279
0.7246691889100297
0.3125827085321187
0.6159293417709987
0.7104222939237389
0.29561312498478365
0.5053405360589657
0.5479089546218621
0.49467084772095476
0.46806060716912307
0.6596707909123306
0.40059915590318657
0.4522330025252241
0.7598984583772009
0.708041089437262
0.457985180413091
0.23865042196314773
0.6303000056510455
0.7092059048850794
0.5576013247310019
0.7860751093570839
0.448381824236877
0.29052056552526123
0.6329122292535695
0.16446992568069246
0.3273519374483624
0.6302734811535702
0.6394562951984175
0.37109142045135307
0.5685099316396669
0.7422609700864391
0.267995840332351
0.5837867262316968
0.4947314910542494
0.25444538820587853
0.484024191282366
0.49466971148827255
0.8349074525007812
0.41683450487645934
0.5783139896121448
0.30161259747234265
0.6863768138087258
0.5262308840873915
0.5470696092238378
0.34790240275307915
0.6990951225362034
0.40201549965834305
0.6232972066933385
0.42234546068905576
0.41700545308932363
0.33795737363495865
0.2052295430440917
0.28451938438964813
0.7344494625364576
0.30245076480596
0.3581493976834211
0.858629773347155
0.6832123121447451
0.31348032085870126
0.3948246137515172
0.5692496686240608
0.8441555240052218
0.541962053485223
0.4842588253411871
0.6759659533725795
0.6747892546645387
0.46383140086101704
0.5207221065278262
0.4741271281097047
0.7092503878625558
0.173334221636816
0.7062021981113621
0.7899754563939462
0.4846830371601181
0.21970688735924815
0.5566909967461412
0.5620868931087095
0.30363497852012344
0.5829263623170767
0.39721062787328903
0.6754598132308471
0.6074463008553667
0.3402032186801205
0.6970959513681209
0.5206536676217497
0.3593574602956663
0.780207218843596
0.8636303025894325
0.58475586944685
0.7433810172875901
0.42608182200586514
0.2658592142696159
0.3863273299715611
0.8077123027736599
0.816770602695146
0.6340832020756992
0.36661453364520136
0.5147218381298188
0.5196131649976004
0.6015109466541236
0.36661453364520136
0.2686712767578506
0.5099153996424113
0.7332358156285731
0.7155457310283779
0.39929549730595937
0.5195175137521635
0.6773157818313384
0.5096830812702641
0.49515988009981743
0.23482664747286577
0.39385916841550456
0.04191449753251989
0.5854987489149955
0.4049954409833718
0.11376517206640631
0.20606211788955334
0.8870966664456993
0.41829879535968556
0.686923070647648
0.5409421819398039
0.5102402720949633
0.012350218814754508
0.7832651532025141
0.699657189486474
0.19708525136607133
0.7630485330307546
0.5883849833360061
0.93834209181157
0.23460893627239598
0.5257663030790845
0.5916960107441792
0.4336583633005877
0.23251703916707064
0.7432102648285218
0.43845796666813264
0.2704885066922861
0.8897002228803568
0.5
0.6064596744149309
0.6157627147800653
0.6200583547499687
0.4544322324170774
0.5254104395848815
0.4443373644366185
0.8572489043347251
0.6035435858987463
0.9773888363801709
0.50960127783763
0.7034726250148746
0.37874909701469495
0.4428672983116901
0.7799435470061065
0.556553631345048
0.32372989758376536
0.2981072470871408
0.576177668476315
0.6352757850518134
0.5708800014340408
0.4668419054816266
0.5473590304137659
0.3702820479932361
0.8068909182064021
0.09486415660882003
0.5716194504109565
0.3512351064868783
0.5952897553606833
0.8612689538663808
0.3115780712268835
0.49048821002470405
0.5095154098815389
0.3743268812784226
0.36037809937484094
0.3166135154966001
0.5242105537658793
0.5862700376711623
0.61375919632716
0.3913126430822311
0.5337129999413228
0.34618793620981314
0.33655393117903365
0.21609678833691878
0.18791617300624075
0.7657134990362949
0.5099173660601888
0.10512044070447582
0.8704295306103679
0.5149090806462241
0.6170268211919314
0.4360717450613734
0.6969545902331656
0.061023581711966424
0.6831525185013786
0.09559203806350568
0.3232411741411239
0.6215842296964288
0.7886608894078448
0.361549916893483
0.2608285375090387
0.8091950740433959
0.7612809536201174
0.24699305580485068
0.5911999343053304
0.40912784616162506
0.06764195897210305
0.7866733294381046
0.948279187509479
0.7407496979557532
0.3918457126442403
0.5450311732902126
0.1107273179776773
0.37007038036462886
0.1015451644952391
0.2969072607859262
0.02106582588516315
0.46147921961937105
0.0673157545881914
0.584261058286508
0.7641688374664636
0.16061877479877937
0.6986164174749926
0.6161375904617928
0.1083124209656838
0.9659337498451859
0.6247747739927559
0.9295961874411376
0.0064887460425116115
0.5451562273703522
0.27905528449521
0.22983954680370824
0.33340145547920136
0.9968088766358865
0.9672909797482282
0.24858978710261048
0.3489199524265566
0.3934339480638425
0.32796769395395686
0.6486462469814189
0.0942058572543608
0.0513222397967349
0.7712876570367856
0.4103387579663449
0.7774474594454978
0.8522075987761959
0.07624597261908685
0.5226243410913951
0.17354151067596846
0.7195227620591752
0.8003642897738855
0.4607901481043276
0.9269691887117595
0.46715264002779017
0.36610388786955167
0.9962648387130204
0.37219917978096995
0.21715543270861626
0.5895269647320326
0.15759735250153423
0.3733408198358683
0.5162632415031206
0.543247397449486
0.30069864970528687
0.8966578058071718
0.6786780936975507
0.6145543162749836
0.6299296196136884
0.667835753070883
0.4269658506175786
0.5680820821706893
0.19981851126956907
0.36983251125130906
0.5848962833656022
0.23600438548139552
0.07536723686743425
0.9423057480090161
0.26627857907743985
0.12817286221478683
0.685126441862519
0.7783948614423294
0.6722387810854192
0.38332237199653374
0.94035638743902
0.20203458303813038
0.4413469173200005
0.7201119899061101
0.003327743101529352
0.06661476926785875
0.293043329107893
0.9582351117747558
0.01421134360351997
0.7059816301785591
0.3309126713569906
0.5471298190977012
0.9981208688680092
0.5552671495403307
0.026908395997878455
0.26682387590919754
0.01813437071081092
0.6521435337601333
0.09262403893358022
0.9577882150362795
0.027872472678519642
0.9907265242066435
0.9781540771207933
0.33066331144927824
0.9891552796335615
0.28931183483208534
0.08749483174209113
0.8453719623649877
0.9487093814847763
0.43012911452538277
0.9482398098895299
0.04224742883286231
0.612330258603093
0.3004679701998494
0.22727258819462245
0.1850801357022322
0.19548176119122213
0.5454324270951609
0.18573808811264308
0.8581657903899056
0.8364821372252004
0.5610369195289879
0.05251332713615365
0.29509602627108894
0.71126292507918
0.07446478725938213
0.33454654618902563
0.09377529394866842
0.7313946987343315
0.01857658473207377
0.8038573054898234
0.9344855104359162
0.24283693284286303
0.7727123832079625
0.0049917176783607665
0.9968890822272434
0.033729965027733816
0.24529301040219234
0.9611297701422707
0.9999931706424843
0.15945453449008332
0.05040510247336639
0.9881387708911753
0.9841017643942518
0.44750710577573843
0.5263746518881439
0.8573251449626657
0.014668816665769694
0.006425033025884022
0.4043597401196592
0.9600487063045922
0.05418328449977183
0.25491472399000603
0.4769483024206387
0.8610524753775333
0.032968299231681805
0.8178718105765773
0.2746616486622297
0.6785551687956349
0.4537823690048353
0.880455371322191
0.556664245562352
0.3309114911778469
0.8289529975421311
0.011705315615795525
0.014518321486813842
0.11488149530611207
0.17049551317226175
0.2414621869268856
0.028198510430821944
0.6244381751423493
0.05338314512934205
0.9984520864607237
0.35613641867029994
0.21500749281932627
0.01599029735658725
0.9999669501446319
0.9974109131887412
0.3631011766863745
0.9997364783233866
0.7793173088580084
0.2587200857073749
0.014292730996203222
0.05552349589174963
0.4133880789880815
0.6368988232372168
0.9999196926634548
0.3082079604287094
0.5216128216350282
0.1773887591505197
0.48354774530498507
0.18344298954079313
0.22298968134663932
0.27027496071690654
0.04598449097343375
0.08152388227662061
0.8166742841492506
0.9988218606533493
0.5880407680723166
0.8050936965692395
0.23899145593791238
0.7167885753764877
0.2506233990365308
0.9825533630724412
0.851421667115305
0.28057330989932805
0.36604576058793165
0.7704236991702409
0.966359896567366
0.23183662043637787
0.20483413320328886
0.602685338016023
0.032870947226484135
0.2466427405165872
0.7556925948036284
0.8082523963615479
0.02353026656161248
0.7202033546895533
0.918172650011664
0.2607431232785456
0.23856889008172513
0.00683158639281793
0.050735491640659006
0.8153489743068812
0.15502735466424217
0.8362291909186867
0.41368409528067684
0.8397751760173038
0.21278156941281315
0.12166633767735874
0.35049943708126796
0.34962835995061825
0.7556531078951266
0.00837290029758756
0.00160100716462857
0.8888892779734465
0.046110303175862614
0.9145148611158488
0.9841793480970716
0.7129081268580678
0.09505830552674989
0.3168160944561061
0.4421803140176229
0.11466162913948248
0.06818580746243526
0.909323059124947
0.623331164084772
0.014859512499381033
0.029406384874988395
0.10800629002140566
0.5652050866542138
0.8461709494429871
0.8861518843157504
0.026682178172848285
0.9938323838897385
0.015284676196388191
0.6617147634710117
0.019610023458360066
0.011738748617488675
0.1077212589263772
0.9999998706488632
0.9999986595952038
0.12878272638899943
0.031575520337114825
0.9967244282235798
0.9365600250296119
0.0012042583820308288
0.7252936277069117
0.008955622798877634
0.9997267887582248
0.8820793355879528
0.09438380485335243
0.579314654986449
0.17929972585738613
0.9873796111380703
0.23261528792876424
0.02151306130488904
0.9594970298402402
0.8804387094868255
7.657202391625114e-05
0.06516167504212872
0.9197063272710646
0.6654436799804619
0.02949589628454861
0.040803749420789265
0.9818542443170478
0.11920292200404846
0.9799364396500506
0.01649389076662556
0.7905983428841362
0.8096429590593439
0.9908515092866315
0.2683350272949832
0.7856731552825883
0.8637306276156723
0.010635522065266642
0.9885463454051399
0.9927842155554202
0.006652969077596455
0.45577837633785573
0.9967004359260956
0.24003986132377725
3.9914358744377545e-05
0.9999592538358985
5.033888812897246e-06
0.9999968378138245
0.9999999468091637
1.701938941205421e-06
0.35703986210097494
0.4630850444095219
0.9993307222934604
0.9999832755049682
3.0337621215611906e-07
0.9999990832581693
0.998119039385406
0.7701124385425249
0.0003619033818128972
0.01568202943020366
2.4025671282440483e-05
0.48728656593505143
0.0012710162630813545
0.9999986593511544
0.6985785011863755
0.04528898509856481
0.004264292439257508
0.9944926812280769
0.053915957428609836
0.9671258663731962
0.09426250637459056
0.001551414239803516
0.8616940882253527
0.0016693350408837284
0.01735908811510191
0.9999747897652412
0.006518340742860475
0.9952678951409146
0.9999355220522078
0.22086957989500383
0.9716805303126231
0.0009151614979401783
0.07960465352748358
0.2086660661539473
0.027931562909279627
0.4588955031611192
0.007414789228295301
0.999489099959257
0.0006658407079593813
0.007161669089200145
0.12758414700441528
1.098693444852672e-05
1.7198071516738656e-08
0.056097820424770455
0.9999999994870512
0.9996441113201694
0.9455880586967494
0.967594122484276
2.5149677966745536e-08
0.9999016270436624
0.997597264267969
0.9395623344553083
0.9993274304955662
0.9999185379930827
0.0009737259950814231
0.21489938636254394
2.2995456006499948e-05
0.9657762838803836
0.0005718491296310377
0.9999977246254453
0.18024578692028606
0.005602591244264362
0.590036880669696
0.16123379997966394
0.08463675239131802
0.927039755803633
0.4582215911573089
0.4832277716257733
0.9841761840284247
0.8424907406724055
0.6534675756381736
0.001231162401311485
0.89602763883699
0.002495844456572707
0.04322341238518667
0.010028832652708947
0.01659968341599805
0.9969232836740004
0.15844694935334985
0.002330273807578083
0.0019366358010290178
9.958424259512803e-10
0.9999999999873925
0.8886365440494562
0.9939895382646057
0.7122005279266267
0.9076869712246242
0.9999688012010809
0.0003151383381782284
0.5780050035463077
0.22193767423627334
0.010712164100640777
0.4896064870058137
0.8889308915303737
0.9999965998480685
0.21981598364269606
5.824854829548444e-05
0.9974541852528621
0.5946660317144858
0.003245041373411358
4.494385117114441e-06
0.3437445623307959
0.01433531109804591
0.03235620425137437
0.1234888025395507
0.9995649527227904
0.9670014217902745
0.9977046027285438
0.29573749178280884
0.0006132887151370086
0.32984533015343837
0.0002918491995735518
8.401896925363512e-07
0.01735879808991209
0.4530576764091025
0.9999999998531353
0.9901986419221788
0.9999989058046335
0.9145647628872509
0.05847247962682309
0.9998606388323401
0.999604955785076
0.00034641048136357705
0.0007353496352300664
0.99999999998059
0.00019862197444683153
0.9997203852613457
0.8688417396694885
0.002894845773406752
9.081735423293626e-05
0.9990534791822677
0.9971824737498115
0.5618703402184811
0.9816079363023931
0.02439868944235609
0.03328508220264578
0.6593840304695882
0.9999999962248405
0.9478841595758405
0.00013608739775229783
0.9976678548994093
0.8897757059120637
0.5150375816448272
2.179923347773537e-05
0.9999298994821082
0.12601372526634363
0.9838027360933915
0.6252503691117646
0.14215767014877
0.507626010163931
0.9942569792518405
0.013488421816681664
0.1757437429051921
0.9999611968907633
0.06237098033003263
0.9989857493658819
0.004870285282751166
0.9999724486773542
0.0003398568574034755
0.21219416479657496
0.024015409025620528
0.9875796116387724
0.1452130186803837
0.998808792105839
0.020004852869330812
0.028788444847086602
0.7336116513961273
0.1971803246686926
0.9979544910247913
0.005794432075710742
0.9968002851832479
0.6642135328927964
0.10518263560928405
0.011446047741988138
0.18134723851125048
0.9825666544899178
0.09422687254980373
0.9191801141282786
0.40918503811701734
0.23305306378483504
0.5712679925643671
0.6326934767726348
0.03854490380008921
0.18685322157387252
0.09124664774628022
0.9878671714400047
0.9190144657732452
0.0022699741384451413
0.8937471676797398
0.41880679949015404
0.8841445573993815
0.7125960056355477
0.6071656527826299
0.19526035653721932
0.2993928847047175
0.027829088331181136
0.5230110589937704
0.6556958872158953
0.42438813805125924
0.9416966611957843
0.02172647841741612
0.9993437982804836
0.49279796285933203
0.9889659857634197
0.41131744667998377
0.8912443572282702
0.5606914043770747
0.47298469069043353
0.426100225047343
0.972986533855865
0.3536843049168043
0.6350161831089746
0.46726430857154133
0.3070226842670665
0.8645167592899013
0.6148858986539425
0.9211413155596279
0.8235234531291038
0.9802470419383794
0.07832726900923323
0.9811260864262419
0.6854724910942572
0.03240251941737817
0.9130998399231421
0.8368102521923367
0.2594265791068891
0.017093332776938572
0.9154085252133676
0.33282320335357995
0.9197551118163763
0.9489790048729245
0.18410537713792263
0.7900576904284415
0.34468240734460465
0.5857492483013337
0.22797290446208252
0.7787082872293416
0.016004838980537603
0.12522610628212585
0.9551791990579941
0.6332508550504641
0.615943735419449
0.6796651057586096
0.5922581731326678
0.2299240479436022
0.9498448031294079
0.21755022356863457
0.9670867259010092
0.6669203368590735
0.494439731004932
0.29113507853113385
0.986741435442952
0.04590384290064326
0.17780478625887156
0.16483035854875533
0.9344719223585406
0.5389745562871721
0.08612816713845638
0.0037172227508406566
0.7867245544875786
0.9903823958187252
0.9265080307483058
0.8530936100926171
0.2941581776398532
0.7710285422228998
0.6228436658123588
0.2867015098651316
0.9639158788500889
0.5
0.08846805153372585
0.4566872060210007
0.5271589752708815
0.047514282893028205
0.914824636123228
0.25920619676369194
0.04239520255491831
0.5455149122052178
0.058467199557820496
0.9804078510571698
0.002966617332537656
0.8742632181895925
0.5699929655555355
0.24093851903876976
0.9807860424832225
0.2913182590241328
0.8808936343851502
0.3999046398328699
0.5840926289320983
0.09100343655070038
0.28418678817227677
0.5808686563689529
0.5692545557515774
0.6247434670123438
0.1286078657788751
0.4473173018075341
0.8733854326079958
0.13605747525900228
0.32010361559909445
0.12252958786276359
0.9430356233888736
0.34627723720962184
0.33472787994647635
0.22028411683754281
0.6945028971968586
0.23614465388573158
0.4757765540879329
0.48786940343813257
0.5484034135474782
0.3205705647040139
0.8784185802001978
0.1016890107932924
0.7727123832646537
0.06689481213723111
0.8440402124597848
0.9105119820441779
0.5238482391238501
0.2878075236621082
0.6886965780094226
0.39991368200170097
0.3655641636224903
0.5240835422080732
0.5539666623643709
0.9558684139334879
0.874021035429449
0.634008104950221
0.8787743339440494
0.4389091149328095
0.4168493479779854
0.08822489745144091
0.851640760314001
0.7299463277868024
0.09448922020518974
0.2858244650518611
0.5688754095925295
0.0013723440200368224
0.03216927529460507
0.5318770323211357
0.1230580342827934
0.91013599538241
0.5942078890952931
0.20297857078146403
0.8547008565075023
0.9106399297641803
0.3449790060593252
0.008041300946115883
0.46745156887609973
0.17270453868528657
0.8617901635401451
0.7773562199561168
0.595295734600911
0.45527109809571037
0.9466209997290501
0.4812914933527261
0.7158718749065811
0.2808273680894218
0.8857922872502068
0.08513478797265123
0.9192571801231457
0.37423852952697345
0.9634781041459146
0.4173718528169038
0.37706325207592245
0.44614913084668567
0.7189138211861374
0.893127384542873
0.3742800432195711
0.401515441771937
0.7689271287746592
0.641606432612842
0.48263783097625307
0.45378236897360646
0.5974151281154083
0.781079860921387
0.41519165150579596
0.39284227981696246
0.6609283133283217
0.872187375140249
0.6915844083373035
0.5
0.5443866292808018
0.4120741316820951
0.34883499302796894
0.5668913405927988
0.7659679625881262
0.5876209144074857
0.7507804448666647
0.24335360987772378
0.7252936277321422
0.6179295009426883
0.5861270134331313
0.35774257051462083
0.9829588770986681
0.5418045455884981
0.00877491503190975
0.41307633821298295
0.7464055858103829
0.23954285085158272
0.20667364686211756
0.6099322083682657
0.08814895475567884
0.033179952542595384
0.9224300310708082
0.7760026752518839
0.03815220277940821
0.9030072554035071
0.0805348428842904
0.593085750725343
0.013798593623073105
0.46940850990830735
0.9488034224350813
0.27817825783624095
0.5834478578084735
0.10804981230945286
0.09497495223152685
0.4687047888296638
0.11322312896535165
0.7155723492291862
0.01915204187195531
0.9971804612374473
0.02737051619664025
0.6960559115605753
0.3986990835028048
0.9856419728971475
0.11123585605717454
0.0673837641859873
0.9321790563550051
0.2427244660900842
0.022201012034262217
0.08375833274322114
0.9471855529172735
0.14843153912591853
0.9589850816151975
0.37230765924441456
0.11969997846433861
0.9216157784559909
0.6694906728242052
0.44826474359245844
0.8727036321940438
0.3119067696361688
0.19952812312766252
0.8116850561118611
0.09873450603758056
0.9760512569859459
0.09262915785054496
0.02103792666726398
0.22895042655171077
0.21229995936320453
0.3333872297838082
0.80146543809157
0.9933708924325406
0.5065527046958287
0.8591412950469065
0.705818432879645
0.9641414517473428
0.4203964246440309
0.5677346778935113
0.026377758178683812
0.5256185719178275
0.8192494173592644
0.04507769204974353
0.9183857974695955
0.7720322424244646
0.7782220389268518
0.7094338002289279
0.2871401674720293
0.4322155438445349
0.5434119307154202
0.9669576760284659
0.206711852849915
0.6250871926680226
0.48789289743146996
0.11803760998735523
0.17753538644303354
0.16350929702602549
0.027274123920165295
0.5264513213157804
0.30578723993031404
0.6240247388770822
0.36420090565707036
0.7491185544496111
0.10301547329459669
0.547068206692979
0.33180028861305294
0.13982997900097915
0.5138048308070226
0.16028808916101137
0.9383369906412402
0.11413523078747949
0.8057447739927655
0.9780196209496279
0.7526651925816448
0.9338104281476559
0.09345615071240518
0.8997416549119716
0.9244994471915049
0.29987770207286396
0.968339813845226
0.2743301909031715
0.6544158599384398
0.5061002341638826
0.09373619318519491
0.9437878694426926
0.18897805147430755
0.16778887801266715
0.10879057587709932
0.8414154913712779
0.15555010541908795
0.41759574088415413
0.19998424843366425
0.2867500405128307
0.8776726220696351
0.620003844927951
0.85464435076818
0.6583394834489505
0.27840624534354763
0.3701958943243082
0.744298311438015
0.8437479080533841
0.20002492072486697
0.05671953458667672
0.017044235496506698
0.9440847898156687
0.20832055687670675
0.747971312261282
0.259250302113912
0.5
0.15827923629480142
0.5867843799247928
0.7138135954107722
0.4800319364937877
0.5793034611465306
0.36399521301893667
0.22630586530879757
0.8865803453860476
0.9959874831911271
0.9460542809120019
0.25916412952659246
0.18156191318629458
0.8586972032350826
0.18586510921512822
0.2641541623369546
0.7661268797121311
0.23637547175349685
0.25245066708753455
0.7729624160321416
0.3474293569696535
0.09248326109367984
0.09236277413228591
0.8035214640000073
0.15064390139498623
0.7490088901725177
0.20664122340378424
0.8813573986554833
0.9543762292824539
0.6820404056843483
0.6780361698234769
0.16227488260194323
0.9291199217834079
0.7967525932543357
0.8204258737880861
0.5481247571474619
0.15001010506028514
0.19436121301096385
0.37961766628416144
0.2981793981910939
0.6694775483491389
0.9326599404496896
0.9442370877062689
0.4527034991723413
0.8025155294162938
0.46490430417801587
0.3573885422427517
0.4238732307809103
0.6106195284256918
0.9390353633534133
0.8093230087952599
0.7725605058140759
0.3793824992300845
0.13141682488048015
0.36587504185665454
0.6132109365326208
0.9272956722719607
0.35858167800889357
0.7378590809884982
0.41186325493740655
0.0891528858804201
0.9152365587667538
0.7697152244834614
0.35522315276894284
0.41746580491748736
0.5609830487498656
0.5663035160053341
0.22414279822857253
0.7105525510623294
0.9005129669459424
0.26017319212390105
0.5055003281194841
0.12855786545914408
0.8850163654091385
0.6288934264532651
0.20143489993621375
0.7172897628411845
0.9075606980053575
0.4839007785319586
0.6460298228767821
0.9162259807081359
0.43774648748241346
0.5930073200702204
0.01558354731527521
0.47285869848049034
0.47282922952193035
0.842532680634469
0.5053554079011631
0.08830192151601944
0.2983299568607864
0.8726230660017256
0.2287685414548441
0.3263025590943525
0.9356908695723813
0.5853627227083865
0.09866032336277537
0.613306957608496
0.2764861622863505
0.1789939006588859
0.14266617819929953
0.8470874716284453
0.9338947083619928
0.44016566934543955
0.41322565421455887
0.5709927742517
0.5707931022214146
0.570594542659442
0.5542987581440462
0.5325908021724524
0.7179623095873927
0.3200594984687238
0.6323471426234152
0.6266330375631091
0.6266591801653925
0.9068406085768356
0.37665315713917724
0.23479434956548087
0.5106730155028135
0.38473848340422206
0.3023373753124193
0.05910213379492709
0.4556428259011249
0.11187494280620386
0.8277602581210097
0.4497226755174122
0.5669210038871829
0.4609125060515814
0.7582742714651284
0.6989280605508954
0.6833544701677463
0.3822933274658853
0.2716646287517036
0.8372480163280468
0.28605248439400716
0.32623251168553863
0.4285421474189659
0.45571140323054726
0.6094116657363831
0.11311156614542528
0.4215223174781483
0.10602501642933887
0.34848068952851824
0.8974165280487265
0.649376039060892
0.4547520789320358
0.12160986710335225
0.20672646240931966
0.379060691949543
0.45876181535671523
0.6048784106192955
0.6901760089140664
0.7410911544700078
0.031591781419163224
0.4111543502995827
0.4759858058269094
0.07573179664574796
0.6150969828152604
0.307802585688986
0.811648522407508
0.5426002266095851
0.8191135492997432
0.4610820008131141
0.09767840687676825
0.3128933042717711
0.7484171791114281
0.31339092494804693
0.7431208542530664
0.3687074606335468
0.1789149857259967
0.19039171367169588
0.7286119945283634
0.29889660258505507
0.9089984516042398
0.7705416300041512
0.8978823112207464
0.2103609092511447
0.24131138365260849
0.8668935791759389
0.19723302104157944
0.038586096155308884
0.4746603276260615
0.6419653462161404
0.8632445567662113
0.2855743625356778
0.4072881132927065
0.8031303816816928
0.80396151451203
0.9625676956466314
0.44115829024116804
0.23413376012997605
0.3544205260216436
0.13492371978050077
0.5061467274760717
0.3623016075906447
0.49381984509841703
0.1848722919281867
0.5375796003910513
0.006947469884619522
0.30071785054029404
8.149449266621037e-05
0.9989628375499765
0.0037699251714512425
0.9988305747000558
0.10660295501437438
0.9370972650692208
0.09072849709507723
0.8173881244699861
0.02245381719652582
0.0841661782848495
0.0608515846719889
0.9837066180801993
0.9534240930202803
0.42384587823500025
0.7976676702854733
0.9810939325641822
0.17640245676839417
0.793992840068677
0.03374379126027046
0.009946374814000156
0.03117924747528931
0.9841216701145787
0.02270495024252235
0.01382462378441499
0.7426619505304003
0.5537702909284649
0.7219469496567287
0.9560294359693591
0.24528343810069653
0.05668740597015683
0.3232909276764887
0.002671392019644982
0.02856207922884232
0.7489969008099522
0.9990535177617069
0.43714315107119944
0.029761665987101168
0.9534412702465899
0.017193607583343394
0.007536157923802902
0.9984869998462378
0.8717724194781401
0.9932638976530707
0.005550022070809075
0.9945773129866489
0.5
0.9419352467461379
0.008007975313125809
0.7145776221607877
0.06504540786694116
0.9972560759612848
0.1316762424958823
0.9386980477932699
0.7058555357325876
0.9689632067692149
0.042124187491702714
0.8869859016348154
0.9993146956454467
0.5136317450753298
0.00516696775730871
0.0027385526211178854
0.9449644114957345
0.9002281532376155
0.2328025000203917
0.6888651165391131
0.9070416969411157
0.0008396649321269378
0.6489958214433486
0.8388043421847876
0.10033484376286472
0.613210936477697
0.022721326023547664
0.042530316856299516
0.605006358689278
0.089582286264513
0.1582000917884057
0.029249411176757834
0.5871899537159984
0.915879957493041
0.11328537034005633
0.9997836453780644
0.1615480133250555
0.9978479906191733
0.9746638598246994
0.3024683023238817
0.9102901864762271
0.005297049843245765
0.9516400939968566
0.03119502496921087
0.08779790112677033
0.6688747304575277
0.6885606784858543
0.6009247922326383
0.02339460359725794
0.9927434428839796
0.5845569935860282
0.970581942019362
0.5887364534588657
0.16678598189158647
0.24040337935030368
0.913595337329474
0.3755036159595866
0.9945300863409852
0.6522469888390681
0.889799835125079
0.28969599250868566
0.45768067641980165
0.8932756521435709
0.8444993839945414
0.6267445609101642
0.07421024753801651
0.05668963260367324
0.9907069248708928
0.7440875827868318
0.7621249558470533
0.6906153866475075
0.5
0.4602539785900749
0.4273789187755165
0.32150460373628453
0.36877168333728044
0.6864494522593267
0.6908913076694082
0.4668042224749139
0.8747990950057222
0.409574117794451
0.3300590058585989
0.7568457454251388
0.2407037550971023
0.3406660420778399
0.8623109972187094
0.27048424702649476
0.2024085988465036
0.8326154561159785
0.7750138587064459
0.4935017955276057
0.2661898512482318
0.7508649875278157
0.3668867128823276
0.8846904496039066
0.5948434142381069
0.5191184479091366
0.9468344975344188
0.6556667245919383
0.3621408713015978
0.06456934062250082
0.8323309506603397
0.7732112214083953
0.8113722621043227
0.23250002559330912
0.9991159334293235
0.6077558865283562
0.9289047866831126
0.4278012345846699
0.7240767229138396
0.6994004409036448
0.36055879972556404
0.2608285374867292
0.7580864952771879
0.9034790179393674
0.3528684190802313
0.6959460768394333
0.2147147631754543
0.6634669256541612
0.5808415026325705
0.29135906709665904
0.09764319860277669
0.46067584358433655
0.2660249412370959
0.10727014030620444
0.9201314276762471
0.8682913484005612
0.02570203034423283
0.5689855671473176
0.7884296819678887
0.19948413523655867
0.4596628124929466
0.2392361566236426
0.5754950880229573
0.7317462781629497
0.43112459033216183
0.8150033482066597
0.25918126136904773
0.3035094581784224
0.8681383113997051
0.20630565902433023
0.3917850960498368
0.05071192268629181
0.5179563462843212
0.2773998852469023
0.14328084185313816
0.5612072330764264
9.34163722359567e-05
0.040481581612300276
0.778566907097557
0.10411482449261357
0.013193875942218691
0.21470617130464756
0.05087124452642917
0.9901848539010876
0.6759185961907103
0.3001742608092059
0.20043565443274486
0.5958155247973984
0.12001704036035245
0.6402515965136235
0.02459663789826652
0.051533159278682635
0.9605907684581126
0.9669477563541651
0.3129828051509262
0.9341114206010507
0.07219544272289258
0.9475776807313593
0.8277038084987223
0.7350520970745661
0.7496377267312854
0.23677810892788942
0.8998233062786262
0.9536602573611337
0.07051041507886704
0.7944126294628832
0.1345133813487477
0.7510444105714833
0.9524093928198252
0.07965952593208257
0.39698102012717856
0.8233662438924497
0.43152449278268706
0.015059058070554372
0.19842607979614543
0.5441326399424982
0.7013942123677489
0.7296210368692961
0.16937616891175822
0.9974358793403336
0.06198117635238958
0.4292329263185054
0.4785784255146024
0.19306659692229763
0.16450649138002368
0.8310265797708998
0.6988955596754323
0.7802143970471422
0.8605340532862727
0.9532880610506465
0.11577414106688746
0.40434759266003234
0.5
0.09066389628211656
0.9318757213041817
0.6414995659558361
0.8760910351396572
0.5999593811928213
0.3439240393387778
0.5338053359289022
0.5135211819224812
0.5738013415823298
0.4797953747941995
0.5202209585722425
0.4198351544637732
0.7416618682376049
0.8572802536862878
0.36538881452518734
0.16994137258116943
0.45979688886635584
0.5402677264489948
0.4332506801611612
0.6125042012017147
0.2549495865948042
0.6571020615736126
0.41337589185590734
0.5671413274009818
0.9860415371914992
0.8287273939695802
0.20196697268706001
0.897263550207392
0.6917003854290573
0.9760469454209064
0.6012384565519909
0.2861573429258871
0.5423840814652552
0.5483218069336013
0.44578724915165296
0.28967362346919123
0.7018586617209095
0.16120567464706362
0.3176726049301612
0.7490288227993023
0.379506810849107
0.7703828616924839
0.4695276821693761
0.6425640381945242
0.9128933674145427
0.4346185117079761
0.47006700399565626
0.33802508871166664
0.7196011995522891
0.6878400693944932
0.2422941955000506
0.861289919722345
0.7430385041632263
0.7584238957006211
0.32836156883920664
0.16738454391314128
0.36737882176408027
0.14116413326495528
0.7149257434253344
0.4760432917761623
0.22725048471319834
0.7796043982041607
0.9417562342237349
0.2728139781337711
0.41250805817409164
0.8089348412210156
0.0036952133612928673
0.45075306765386886
0.6328712626591346
0.47540145998866545
0.20904281011171003
0.13318033168718715
0.5632881439085385
0.5879313330045841
0.9359265977314151
0.5673390522351466
0.51841917966611
0.7076234102655783
0.3749419635594236
0.42116228615887913
0.548922727273582
0.7221557266661628
0.41589669696219767
0.341356700761615
0.35707295196948735
0.825328090288177
0.6582127648456425
0.9326675219233603
0.357230256033685
0.6856709448460365
0.5756345611182171
0.5058449523306291
0.5175243758073815
0.8270775011528697
0.7103252293253163
0.31539480829992267
0.9086503780379419
0.2332215855409489
0.4546702611442355
0.5227529452928238
0.32067261906105066
0.29030970735353334
0.8437198413979554
0.9049630298166771
0.4497891588093674
0.854767389824081
0.5275294501549214
0.5493869993135913
0.4835224524821653
0.816901091319049
0.49458309389548866
0.3627374635307572
0.7358310165989428
0.7338068614810271
0.30754561114965356
0.5107649167522463
0.542941734325741
0.3393720815973351
0.5751350814649763
0.8460157600457408
0.2492475582415794
0.7367529187883084
0.5053054035498502
0.4576657825890715
0.8455763687286367
0.4121033724534062
0.911171220329595
0.40880006563218557
0.3139466873720625
0.6962194443313575
0.5154176893864864
0.7283834897191097
0.28168860773420185
0.7519958130504603
0.3338604465398639
0.7624431731512991
0.1546370189824681
0.32287549982704855
0.7970367156626719
0.07770598988735342
0.44778021548626773
0.9715131372036291
0.32508074133715564
0.4948897936184969
0.5959139954381685
0.6887533098572178
0.7485943581081204
0.7683967515711563
0.2995799636482492
0.6359361554380188
0.4022265104166881
0.4406157401856961
0.8421936262109421
0.12768674607836877
0.26510684979080745
0.34838717312579176
0.4594389213180527
0.17256028819314356
0.708755707633882
0.369816215666587
0.5615169225321401
0.14323815571771922
0.34322780290654886
0.6855947341039109
0.7192677098365002
0.08782275604653783
0.7967431490261981
0.7077324992611052
0.8019386753639591
0.5512805604057811
0.7633098387085445
0.5304192387551763
0.3524252100299483
0.09942481602879848
0.762850356968898
0.029145459931444725
0.42053408210474325
0.7798871012463405
0.5631794384116592
0.8496405456533357
0.7580080410308335
0.6398498804065286
0.43907968105860645
0.5204468559467004
0.545864170280249
0.11502601607293193
0.5363863024405936
0.25716957176213956
0.7828445673286573
0.8800103331340555
0.7793188314775774
0.1904721267720845
0.45930716915685965
0.8100235799461146
0.7553663561663595
0.8471116034741539
0.4415485700081808
0.9314627026768999
0.49522003090590017
0.8015579943587652
0.759603919747495
0.3723622864673417
0.6413132118235465
0.8521759628075535
0.5320074530723428
0.8503945497394884
0.1356556149479244
0.4543317001981182
0.3045254820819563
0.13365910175754228
0.7081241268338543
0.8083388447582186
0.5413646121800879
0.16791991805405562
0.35903670235276547
0.8654835772870947
0.12787474178107416
0.7949730160743543
0.6184141818536959
0.262129660498829
0.11939912794970359
0.27074349706557904
0.1190413638382628
0.9070455657481862
0.6913528495134328
0.7752322888622134
0.336857855365187
0.3616316192633259
0.7882712199239644
0.48579927470328904
0.9098594199178724
0.7883583688633755
0.5859746140525648
0.47269979577051
0.6376973565767983
0.4235282471079131
0.46368059957911845
0.5544381173494928
0.6160087348064819
0.8797674451270585
0.4079277527917329
0.6708982941122027
0.548468258064387
0.482361301724619
0.44286063118229446
0.3107832301188211
0.3447304940366554
0.3437932098443697
0.6732530219985537
0.8105267068424845
0.47790615473962683
0.3339468375924083
0.2521187449956852
0.4152256262625948
0.29945182467248826
0.36230264342319807
0.31244757331177836
0.5913995622501679
0.43588630467817574
0.16963997442294834
0.5
0.06066951478041295
0.6363418203465788
0.28087243920961447
0.7546147410262403
0.5524779240276732
0.27014563886691795
0.08975726647130819
0.4901198633000564
0.5590353324098662
0.4169502225603261
0.7662781369093568
0.8095811997720592
0.6136533573142543
0.7034034565214999
0.6389422728523569
0.8223498290425498
0.31779412677000723
0.1284052492169429
0.661499730169828
0.7399726104166712
0.4764945688197759
0.646285221318426
0.2251812238969555
0.523678956408491
0.07324503144148327
0.09838379201020012
0.9394854403866886
0.5908559214151765
0.6625108912771855
0.2586814432551836
0.6276958830485715
0.7274105560322662
0.42850259694095294
0.8030501199503395
0.16870462530559138
0.13561372664467244
0.4412981065873895
0.9703353240039205
0.4952400523998635
0.5940852902905823
0.3188918070741578
0.9619748242573627
0.5960151932951099
0.54141018534208
0.48619135756681126
0.23188193189210826
0.164856398209953
0.3747603312861236
0.6347366210570067
0.4574651912575866
0.5237103733929211
0.43867555853701784
0.11761528693565867
0.8678445092343864
0.29006515952280226
0.4568714704770396
0.5716874334760169
0.29656196464999335
0.9887091825404106
0.5645014401419761
0.4402134694165603
0.5781027473830945
0.6178037012792014
0.7034895559625768
0.8299913389766828
0.6760237390156122
0.47775289983280894
0.8804222608375895
0.603347746723048
0.5819211266373686
0.30309335965892
0.6323339108742468
0.3888066346731512
0.3966522532769557
0.44754368468806427
0.6411531936060985
0.08351467478504644
0.605862545908012
0.6905541728092904
0.5832729183458927
0.2476638011268045
0.6054046774913506
0.4381622847652844
0.6094682166304783
0.22431507081096208
0.9386544823172345
0.49563253595157464
0.6945011062016975
0.7182657179536744
0.5042924769143411
0.47855393876226476
0.47424960661277904
0.4190200719925994
0.7139367710734271
0.5468864642381136
0.6841831196371512
0.6409779660465866
0.24002501469115575
0.7197199109177034
0.4534223415609081
0.38710533273800607
0.2057627797150546
0.5173240850738661
0.9539475553712935
0.3014342494367952
0.18365496922481137
0.5257902045390709
0.26951640141969413
0.1251234347374943
0.07989493128914935
0.5
0.7649275676079589
0.40691119089950595
0.6998091758586106
0.2417961724360844
0.1304851142224154
0.7646636290863847
0.6161308016251197
0.9089025371790046
0.5616534841939723
0.5527873658167634
0.7713717880371215
0.5390981455748195
0.7081979787067293
0.5515139588863998
0.6421469524443357
0.10881298959430008
0.6361874172157611
0.5130224103201378
0.6745945932056946
0.1514534540058125
0.3796651659634039
0.47359287596708394
0.5570794202844622
0.25472558849927596
0.8662261139228125
0.828036907927467
0.7811451282381824
0.7003355932184994
0.41661122675311724
0.15367270871950334
0.3860379943883369
0.2966587576958616
0.25355084118583315
0.797903029114932
0.6971204034705912
0.6018945835750515
0.957083374541856
0.5249335519974347
0.816941543763595
0.4429383973796892
0.15571476791391617
0.508346469986207
0.5499000889813606
0.7532316395832631
0.48353420522079826
0.5776587369204973
0.5738603703080413
0.19761737278323702
0.2051701257440264
0.43678083430093667
0.6712135398075757
0.04089263121981386
0.025122778662192348
0.35095860626145464
0.42772949511964803
0.6983422169014469
0.48191162515544905
0.4148191669956655
0.804931858720113
0.6058809420609952
0.562121608518095
0.29482972991463097
0.4068458980596024
0.750128393381396
0.4467270339997105
0.3859303157626991
0.43751430966204974
0.07966382968837414
0.1647891628175665
0.7910198208808076
0.6395803049042215
0.3443754567549166
0.7658394833253874
0.4862797489947174
0.3831933027765387
0.17312355639865737
0.407632324327197
0.7261998415163521
0.4490902783600466
0.678001287114037
0.6888033250017306
0.49083512378219835
0.7537382722144378
0.6369626494329942
0.619381811038957
0.43310272887939116
0.40229851163319236
0.6110364992142032
0.5359092923008271
0.8463399167775074
0.6457451808391961
0.6878075854787781
0.6976106394135799
0.2519794523733101
0.4009264401107589
0.5
0.4260375555192127
0.7245446792257625
0.6517996614685873
0.30348919891820997
0.607377084138117
0.7525160241871974
0.21027785094703028
0.547746786297122
0.43946064280671787
0.5606855870146576
0.539030460994213
0.6473538657016286
0.2607238975084576
0.5350486211684226
0.3393746148135946
0.16717423053726213
0.6145038704374721
0.30552271851774604
0.6063429002322397
0.7064358472532081
0.9711815794314806
0.6802901522862415
0.1903412663347791
0.6546346821798247
0.5042932140494587
0.6766292910099931
0.6370234049240868
0.5715396341650122
0.4328071059613
0.5756724231410333
0.28308480979225353
0.6131177357030178
0.1086209181111538
0.11269891834599517
0.574684879639012
0.2608639901297958
0.5752359635139496
0.36144654464327297
0.6833246989287712
0.49112624247145725
0.5133136135408095
0.6584985670592138
0.6126326687390008
0.40043560795940575
0.6996885023837259
0.6402894486075171
0.534690526695349
0.8163811846566372
0.4957265998174052
0.8104965523940953
0.6624164863300485
0.4375557115220522
0.3270412811945283
0.6201526223273077
0.5914732041697559
0.5125664832292673
0.5041875068004396
0.5829638500856086
0.49165492290168356
0.2000672498616227
0.5673165252470604
0.713379419743951
0.6110688328170637
0.46258879029388217
0.520842103356339
0.6302809401221365
0.8421988980764424
0.41521064069377
0.41890290968520244
0.5123107604846229
0.7562559615916041
0.0830638785836804
0.6641022343650891
0.40617787565337604
0.4627741332698134
0.3142740928321743
0.29178458994628087
0.9228208113279632
0.4504123000349626
0.1806233009514161
0.8706287463698925
0.10106648918917845
0.2793139276696145
0.35087977576764623
0.42744158935552307
0.014173439123308368
0.30781106603854996
0.8842601140237075
0.6824652946782804
0.9085122291693831
0.3039440884597218
0.7430330147407226
0.7633622510913972
0.4575420585744511
0.8439961694493525
0.3611946471968401
0.5420659528398437
0.8623949610887649
0.6595693439660828
0.26215021102324715
0.8166443432812323
0.5326598905621328
0.5967555767819787
0.6788152550921481
0.28817857545198855
0.21084106677192366
0.36704517155268757
0.520741866660787
0.5413782736288956
0.5617892034270718
0.5288791055489168
0.3117223975903469
0.6338808545305229
0.6992381136292327
0.25299972235855006
0.5165776694673803
0.4259707725361015
0.4338998038240808
0.8581489351137218
0.6798561214437042
0.4353653060280193
0.8957190060835809
0.4880405590501792
0.4131289961153332
0.05550027532855875
0.680935681832675
0.14195462811533102
0.18759866686464335
0.22549225410244747
0.9083241615404254
0.9458828222202444
0.6752320205382525
0.5040367280704572
0.7051224791352075
0.5
0.5279797021373496
0.658243318036112
0.5748773277620307
0.2885138567929222
0.6213696915460537
0.04292215028112195
0.06959686606510199
0.5380746729858982
0.9033170797616339
0.1494783297647366
0.29745343458723605
0.5042494302290838
0.030767845700979644
0.03902817281642603
0.8467586670933135
0.4029113989321619
0.5800799924489275
0.9544223590651353
0.17077630123661283
0.5396133458553154
0.2681456068652755
0.07043207086295757
0.8429528963500685
0.08970628208957046
0.8812596771476803
0.9049494597783084
0.35447277871516486
0.6663526988439903
0.8779193666485692
0.4698070335726959
0.7515476302553423
0.46158798216055347
0.8865374565805355
0.541869155825638
0.6727457614168733
0.22888068688613125
0.441319332152628
0.723592099544388
0.3202749873133179
0.9225016379698792
0.6285830133192063
0.6725320976811489
0.3805601962395842
0.6898906982646912
0.5802456212502903
0.564191165655178
0.44788034163393714
0.1430331786955974
0.731413616951022
0.07557369644512921
0.6146682371107627
0.8671314185336214
0.35368039948676483
0.8011412696326354
0.40419028652679195
0.5565657657475201
0.2909678153076583
0.7106808007457552
0.2713361115237981
0.247460687860191
0.19688340680462252
0.4706761993226163
0.5041987592557148
0.9143354309509182
0.34901775351238035
0.4062081183932938
0.7212744934510643
0.4793574110560951
0.6521290246406515
0.5814374539416686
0.6655131182355288
0.5924653087923399
0.6455821425109454
0.8267478540765487
0.864825880022137
0.3491094711387492
0.1794412124347256
0.653970279503183
0.1868532215645916
0.7332302144187133
0.44461963333482196
0.42104833969869526
0.39763346982699
0.6623366873723731
0.7922319863202899
0.36944670276421215
0.6348944349861296
0.8513221398128424
0.3788487464507578
0.32183718573128306
0.7124645972641646
0.8227197375236843
0.48473523836473154
0.4656766802947611
0.5608957102562551
0.6918778886791533
0.43600768108688936
0.6941667382025865
0.7085364729516224
0.3119697177379574
0.5635829008538745
0.4328905197911249
0.24725912145954204
0.7550662520815045
0.3998240504774492
0.3465042178319276
0.6120804305625864
0.4773158248573279
0.7369141339320304
0.36476941636799054
0.8379832867863669
0.31300305827754765
0.6067204873174915
0.8330808754564293
0.5940893269684233
0.40274380120345915
0.4058972149129241
0.6361993075757633
0.41668304398593486
0.7189466681720297
0.2654683005006901
0.784586424658295
0.7587047924091647
0.2598794935892222
0.369100759559959
0.6075437854464848
0.0732319806313236
0.6970592839726112
0.7515409578745107
0.30831860169650127
0.43011104554158136
0.31277714643575605
0.11396165425142626
0.7387107910306334
0.8056318188796519
0.8250698477835535
0.8014230407192007
0.5541036787011298
0.6305924709807595
0.3767977022039847
0.5180531226224215
0.44250208874479907
0.8050614835087306
0.34799732285097945
0.2595616491825606
0.2131483426992345
0.5146994829522273
0.7871551487780895
0.5361999674112433
0.32328800169861033
0.5
0.4744859182949552
0.5973392671560166
0.3321703947172169
0.42725971645718436
0.774585388683922
0.2772689748125109
0.18985161258515065
0.6132597014519378
0.6232417772025072
0.5658981121086307
0.5512371727188216
0.2902238691694067
0.0790284448603542
0.027958407939668094
0.005131076063427775
0.3625495595256624
0.9933568998253641
0.9238348051840256
0.3675355487168314
0.48830713773818735
0.01576355750194695
0.8608802113044223
0.5438379260085944
0.13209301962491624
0.9369786531484945
0.1748531421317205
0.6839430848509116
0.4601866047408935
0.42856121321339335
0.8725497401568111
0.7069838549489996
0.08923241750115345
0.06125782210014624
0.6978095449906294
0.2934341352115776
0.3909604114381465
0.3334522424506613
0.8885210298191683
0.08136477778379354
0.44191070564681845
0.86856945128467
0.6765732152605304
0.43124268964446927
0.8797224327647053
0.5120905159177822
0.5321874968883584
0.5
0.42021138895362775
0.41602993068760435
0.4315726967921334
0.07347302850577142
0.9595809136239054
0.7052689042762045
0.41668987734252244
0.6182578156340902
0.32393101233619853
0.8606643190947524
0.7457589589446574
0.5117404437498742
0.39965909224154844
0.9489567607225626
0.39108634920228663
0.18661348749447607
0.8816117304411585
0.590537686656518
0.5265787537316329
0.7101218066871838
0.9543635154629873
0.17322282192292737
0.605952683825086
0.38046178383228546
0.11873603728232278
0.33924363123578344
0.8098528473654963
0.36092707193655293
0.8803836615503451
0.57721272947688
0.4557765186556683
0.27344797689659606
0.46268910364787985
0.5299133208811718
0.6138809794203307
0.32530614134460345
0.801344863370412
0.1970052834721868
0.21583097485719555
0.9599322829086594
0.21232889247027825
0.17476315020629346
0.31907300336215944
0.5570375307867675
0.08728833626276092
0.5774120575215039
0.9451821965962022
0.8969132985795648
0.13575210569251644
0.0553859009018779
0.8544808421740925
0.5532003649581643
0.831831042176322
0.45144972331150013
0.41816025085099945
0.7387476751902953
0.328347147080312
0.3013311380692988
0.04817722985617691
0.5431180366091599
0.19099000946264447
0.017226292327710693
0.0962224674246112
0.4618867047501139
0.555020217548693
0.06022089267603851
0.8175484638646731
0.1199264180736534
0.4868543625868295
0.06716241305915643
0.38499878264807863
0.9559307442739154
0.09405108186439104
0.9276543411503025
0.4824878947346621
0.6036644660626812
0.9796815518783698
0.25433384121045904
0.0427345757122236
0.6606777540249149
0.8486996282573378
0.2473094689707472
0.10956051539575945
0.3540362265450808
0.22970734776331692
0.011975741277229715
0.9997585538398637
0.8169640235014451
0.6725617287102733
0.16335330903591297
0.5043244035044945
0.7853514054674562
0.015023104710898042
0.5089085368481268
0.8248699917320436
0.7170065985977838
0.10386281264845154
0.9942396320847849
0.7202991446174638
0.5828957155148783
0.5374547217179567
0.4543324564480644
0.12616857146188556
0.6407056174767052
0.2967855162079477
0.7765236039682534
0.40836104938976087
0.533777972764854
0.38391282259257353
0.4283645650792855
0.9500114876673711
0.49173355752237174
0.4100213923192431
0.37800891774838585
0.3170344229756961
0.466425849925118
0.3491231739731123
0.7598681223176239
0.3056292954179151
0.7498105533035367
0.4051225769330887
0.19483111893270436
0.6837536253553536
0.07353718427378024
0.6754037464474856
0.6892627286847227
0.8647914645852647
0.985714800324423
0.7849429809286046
0.24042634600124838
0.6562251231662672
0.8437244592586054
0.8104501004014021
0.26967659533720595
0.641472513119244
0.3593017291373802
0.6268830111294676
0.5699281356712241
0.31098728004409104
0.3477530112091427
0.71779379430266
0.12694973480933594
0.1704444245434633
0.36912432279100094
0.6428719313498327
0.34680413036618757
0.7951068010075047
0.4083649869958022
0.4838270320460748
0.2843921862819975
0.6795346324434047
0.5
0.979364211910764
0.26600431277985237
0.5471852493909566
0.4803282196874196
0.8457774323333551
0.8203083791892551
0.3212870665713455
0.6491034660322614
0.4391687935807703
0.6555399041350288
0.5455424736864708
0.14456939832605184
0.7291074782072758
0.41653601384361316
0.5724950247408369
0.31728360221968305
0.19695975613096459
0.29052056551054123
0.13229377413182478
0.4558178563885104
0.5995093163766332
0.5240893392691479
0.5360644290541525
0.7170619487597739
0.40582425061624655
0.894430744062835
0.0009599229899579309
0.03425966845635295
0.9649532453528427
0.9438839123255887
0.822874869491622
0.34440887752021415
0.05779171142090374
0.7454948434416542
0.6565479373098787
0.887293353287617
0.6707609340405871
0.8166024331376481
0.48418249492124144
0.8205310198002309
0.5233765819115597
0.41513290424206734
0.46099249856693664
0.5273762896622439
0.40723427839938775
0.6340281227776029
0.434022220093341
0.6003867616108537
0.5773407922766384
0.4115572564920284
0.449471046057217
0.4339508654832908
0.4414918334971255
0.8301658077762162
0.46141310036377975
0.9367408735636021
0.42515194641278914
0.4138777755278819
0.28993419639819323
0.5685003658248777
0.446735110530173
0.64848121205079
0.49619605636808645
0.5680576815957862
0.5227494968566424
0.46593609354813087
0.4772401547551158
0.488603797748609
0.5679963633075893
0.5453639168179892
0.5565154419417203
0.7507069005229609
0.6945564777018088
0.5
0.39421477606530075
0.6026704928573527
0.4814872042486846
0.39766978088801724
0.5334520379028339
0.2906574130042571
0.6491155526149639
0.31209631107857433
0.451304696537582
0.5893903722669838
0.2260952913594905
0.636947357715739
0.6005882144776368
0.6391720683577133
0.6948432205582964
0.4482494994627728
0.10102623592253845
0.707179963559106
0.6288826049128164
0.16952925832911578
0.8071871454669927
0.4700015327055087
0.7020364124966948
0.8370767642957994
0.566090545141379
0.5874944670855253
0.6852819040587036
0.38207049904461854
0.43450239312577255
0.3606751396877451
0.41951341587632196
0.37323464739466505
0.6876257486707774
0.7231454637767648
0.46712868052189416
0.5834487147469039
0.6352544226272904
0.47461166002903915
0.6176654985606251
0.5361008204236767
0.4567743576219049
0.5540493064018936
0.3968249744770089
0.39640365009081097
0.3925017290024771
0.2876760312107228
0.9580607679107068
0.5534583174128144
0.9900287636731882
0.9904501891217278
0.5130433544586641
0.9753288882147583
0.45297550889801913
0.07800563353726636
0.690195533007214
0.4019530391708387
0.6076689221542438
0.6490783355262162
0.6035362687336309
0.49049062180355174
0.3436745112329241
0.6826740090392511
0.8297536597369065
0.8829539912672378
0.44218420629151
0.8843529866376822
0.6263183320932798
0.6116033018636949
0.7771196418348657
0.6069907613361122
0.2913177085323568
0.5088507218192794
0.4911524101558882
0.8174071923747898
0.2257340051194082
0.6403486712784826
0.7837413459400346
0.5632215749611329
0.5402584830260547
0.5459055768646981
0.5229591447179601
0.32672005619662764
0.3306598191720544
0.6143683333220012
0.7482592775092957
0.545727650125375
0.2848575620865258
0.502903230645373
0.5174105150003139
0.572018290709695
0.6796260221072208
0.2759521050714236
0.6302746341906826
0.025750384435016458
0.6146228483586842
0.3181147181646254
0.6092540346519643
0.5119494393146032
0.7696873057671825
0.8243743604439876
0.697815578284363
0.5516878874400977
0.26205482969726385
0.16419517651232302
0.5934187471738835
0.395612896513202
0.9552904215604534
0.3845472870015505
0.4855980842332598
0.29392771196164474
0.8088463487131025
0.4429105969690348
0.7894875188689433
0.8319549546826982
0.7595231534855421
0.48344793136254227
0.4179044328227042
0.7035911112227152
0.5137313008309906
0.519208639656642
0.29362002869508985
0.5276480667129769
0.5523344322636368
0.9640306982842248
0.17367117717739872
0.6717920144677947
0.27923169219844585
0.3647444732483014
0.44551855626187586
0.5974120669078385
0.42148077615006946
0.5218965905105759
0.5409544506300931
0.5598149026894247
0.4754911502082261
0.25969056297411663
0.32809663328041333
0.05057707792042915
0.5399649123115129
0.46009873767937376
0.47142378277326547
0.48568383162956735
0.8261980277942116
0.4079466129153418
0.7028684286431691
0.20806511269818642
0.40991936558567627
0.5820885056481827
0.21707644683269056
0.583331804675687
0.4141341174234242
0.41384115327675874
0.45644509106217984
0.4049385308797704
0.2366814697560267
0.8493942329556451
0.30676635580041567
0.3053430662723257
0.7842405623246331
0.23076896811248043
0.9714128075057222
0.7044483550793733
0.5480048617484261
0.28347542306317375
0.3326402790631641
0.5172345488507093
0.34451573119341233
0.6406150614705728
0.5287040365100132
0.4713288464256777
0.5287040365100132
0.40087106843731996
0.686511795187928
0.42340315983416354
0.43159276183856543
0.6185039178744747
0.5766745271377755
0.0216185012232367
0.40905696623763116
0.7264441005770975
0.4764270194420929
0.7775552241361499
0.4854285676067209
0.39651172477572705
0.5029290819061942
0.1531114522444232
0.11048304988360771
0.751705626800003
0.37621181056606084
0.5452533664186154
0.5511550863862708
0.7586203012717903
0.7754635964344773
0.9142052822912162
0.5057495165867265
0.5825888452690027
0.44861791646852983
0.3550112314001338
0.38924130274018004
0.8996267522223912
0.3487579547875604
0.38768863450551794
0.47133541398395484
0.45416261673100133
0.6076597389109264
0.7167654236579034
0.8818660959935041
0.8146842150415278
0.5681416611881768
0.8833012026798737
0.7315881997653175
0.42061747555558454
0.6232391714245523
0.33109208477221924
0.40460649949487504
0.414664325185278
0.6542489411195622
0.28638699550889557
0.28246859862048934
0.41334660019811925
0.5356263588733219
0.5
0.41583078529772427
0.6056563739404083
0.8409356039876078
0.2814056074241542
0.3981072121814301
0.42679960080611584
0.6386883465578693
0.7924684439394543
0.5214852028613508
0.34183239299870105
0.7780008483350409
0.594926417547868
0.4105662112124517
0.4600554170755713
0.1926790583501393
0.3025400163004387
0.7632213267700487
0.5645103067818094
0.33399397143479526
0.17311812320578063
0.524800370804769
0.4697306899182035
0.7361688671664475
0.5299988758670262
0.4591834277005113
0.5997163126018068
0.42174971875202827
0.36682742061487805
0.5573751391564522
0.38699257881125626
0.7091350977511027
0.08407521263950202
0.6615739504095548
0.14761729931987538
0.4689769855419232
0.8248304094531627
0.7729564298550688
0.5710313010488617
0.4507906427265817
0.6713994245961815
0.8051665672497036
0.7498323710914345
0.668758681759183
0.611719411417579
0.44757838766982816
0.3211028395099323
0.3902553858103274
0.8291349792957673
0.5523396031829424
0.5340215778906249
0.8009949343559865
0.6286995446430312
0.2656220944911223
0.7922809738861134
0.45633767618058146
0.37140193641267827
0.678483325582548
0.4259073577855979
0.2936470569069765
0.4661939618021213
0.8875056815467722
0.444021433462776
0.5936368841725477
0.5305771651254317
0.8064287251273814
0.4573942959196142
0.8306860556584046
0.5296915410937237
0.6665883847718941
0.50737119780171
0.4124760608420152
0.312409885251559
0.5764264218156974
0.6601341726289429
0.4558198229210516
0.34949936967779477
0.11771085974513396
0.24526070596765354
0.49743959634733903
0.4693103677834094
0.5887832193097565
0.3536800188982714
0.7202739533089996
0.5708111583711506
0.4169935611123787
0.7081650302416769
0.479811002875525
0.4272361589451517
0.41960088677873303
0.4021141238935613
0.9707588688949461
0.9119917571954341
0.6816994037258894
0.5642241917680796
0.8870809837945146
0.2404762744414363
0.32141930102334443
0.42667380011057654
0.7776719252929916
0.42735618492825755
0.7621588832612192
0.22199216176244602
0.30882658635335003
0.8044122579319185
0.6840753934000992
0.3963449457296186
0.41401664120490417
0.8309305540005876
0.41279895702139985
0.4012676202227377
0.5465847390532705
0.6298602274392081
0.31247572144702795
0.7199986343022852
0.525452736780285
0.8061420330229808
0.34480220104300724
0.5368538463094871
0.624082400465321
0.750337416677227
0.6306828572110182
0.8390300079475118
0.4121658381823962
0.6550497821227396
0.5594571445697994
0.4450402003593731
0.762790233081655
0.4737842305831316
0.7821682516944
0.5064835995636409
0.6308508324426709
0.4742319279228853
0.2812968548376338
0.6192794970734165
0.7383546066302469
0.0983106595210628
0.008201200139505557
0.9544480338886991
0.6632710952017933
0.011879207727237525
0.881030458785737
0.8241748641705768
0.6496508694553917
0.9099111073855749
0.6028327808590236
0.3277118105617036
0.5065395642886878
0.6031114554691547
0.45454894166545007
0.8835452148901607
0.7763577371116281
0.23376573389800687
0.1701072894388807
0.14280225493345827
0.4757749551180259
0.8228059255494022
0.5217141276140107
0.4077212780332044
0.5021790151499947
0.9466506147340571
0.42020673820161564
0.23176563552184798
0.2463305450273462
0.5627384929035713
0.5432791369361638
0.31253632519150165
0.5239927354561829
0.5217935798064747
0.015147509527133483
0.06452855989826234
0.956220545126973
0.12564925081781214
0.46079066385461975
0.8610542658687218
0.12699445421842775
0.7977476766840355
0.8202937557967647
0.7869141468601549
0.07629796381509887
0.768674775085624
0.8711574803180793
0.157115242389608
0.9231536749931194
0.06250602208805507
0.47961239813411477
0.5
0.3084129869172877
0.8998347381348021
0.44428885274471314
0.3812053482714003
0.3849088095977791
0.4060303469221872
0.5249814547485345
0.34619981939874345
0.36199225525103257
0.5
0.3120427493173918
0.3474886870546776
0.7520658266097879
0.7041041496119758
0.8147553605228944
0.8984734312623291
0.6848056588939931
0.40703507401393557
0.5087818125197795
0.3178157610186824
0.5681392796444016
0.4169578377096854
0.16519900998233686
0.714602595358532
0.6828347905106159
0.3869534970157189
0.24599281590700134
0.37461897131661304
0.013729905944090482
0.9075874822883706
0.22500519935016003
0.785657210364808
0.5115293212655803
0.3629758682607844
0.9118789048928102
0.5983741226020507
0.5694931192558828
0.43733067212389776
0.3595170320186494
0.4502513624486326
0.14627540330723923
0.4699520157467012
0.564513262827698
0.35838911121803113
0.49767551650616226
0.4930263030984083
0.1628659125384176
0.2874499456350918
0.5166938595485845
0.17582161948235672
0.8371211892026417
0.33276586060288177
0.6994183752881515
0.19798530094587338
0.6562564434584343
0.5812253573329501
0.9566598581253952
0.35087106874861085
0.4462783217971045
0.6064398096156683
0.3873211267386486
0.9814335298314946
0.4819214314195562
0.7175065467409564
0.18687325651201694
0.779868679305856
0.8653170574753124
0.669467706142522
0.7114263392779859
0.42885896227599435
0.7364167775235922
0.6464091598136502
0.17874308571869177
0.6496861314429613
0.6043576571936865
0.691959960652859
0.5064049787831386
0.5907688839322615
0.550865539138169
0.3159252981715263
0.27211562810161677
0.1693969052479185
0.6609006878996684
0.30393931044342354
0.7193163474139803
0.5
0.46737238696471745
0.6481035808748177
0.42470129788953953
0.44800116345158925
0.48910657907516053
0.8544754543791103
0.3802729095304704
0.4189241745896513
0.37932880777296796
0.3706195502007229
0.6218643567726454
0.38076034795664443
0.39469683107057696
0.5480545456044572
0.3696799852762178
0.6532123632744722
0.23509525234436918
0.5960672416149739
0.49559560375757117
0.5743348224931862
0.5996665428553146
0.9480751810159712
0.7023884529113289
0.3412999566180887
0.2771093062386306
0.42978512343761927
0.23557815395180964
0.393002903641613
0.18740014443244224
0.6421938789927228
0.6020698344820211
0.718866001745834
0.7099910852959146
0.36264706594705837
0.6481035809873148
0.33320564860769447
0.06517458145335475
0.047592315233352736
0.25137750786432
0.36115376517661923
0.8951129826954725
0.7528694921752045
0.17019207674332015
0.45846397048119697
0.19210621549192453
0.2604510720734371
0.13444301556998056
0.8205373400746465
0.2020937220201537
0.7994260898287576
0.8537630406025154
0.8979196669882006
0.4908284000065167
0.36573455578320846
0.6581593578535067
0.6147927920307126
0.8475261343469684
0.6915380545099897
0.2748957557917842
0.10884293705919486
0.6427742006221886
0.11282223302779469
0.9277663763975252
0.48183773919751266
0.6821577598034745
0.10457134284586375
0.32149977505529265
0.2850124143122
0.9203606571383355
0.6037258883014152
0.752487119053782
0.3114773567992882
0.7362780883844495
0.7199733712695138
0.011389040844801272
0.12983113208358715
0.14109131016551754
0.13371242543664533
0.27354375694707517
0.6564702963326351
0.524727385889291
0.3055923910992492
0.21818091962445837
0.38350453385224276
0.2195106407914813
0.2966298769232057
0.08596574631820855
0.10380202112767663
0.984416938282964
0.75500173998342
0.44610875138297046
0.6933574334767267
0.8495661842114841
0.19627710072174967
0.9755540506678014
0.5173730809105468
0.45299746890825815
0.45784121397998223
0.49750998075661773
0.38269255005401526
0.7370957364616114
0.6754871013237193
0.6913528495238208
0.6010293941812868
0.8351560755385089
0.1711372549310672
0.43718997416411287
0.5146043370707465
0.653093492389003
0.6163143748348878
0.5693423027300625
0.5573447225204844
0.2949289648784839
0.5907700804724191
0.5881154566482817
0.39144387368136424
0.4879587791666779
0.21232461810853728
0.26967180403770574
0.38377408328717033
0.8461861199399598
0.6171769368327441
0.34300811798916825
0.9550427360787942
0.41325032309108267
0.6189002728372521
0.4481481067536859
0.3904016187197943
0.7403174289463993
0.317901882375704
0.4691720242163242
0.3184844253310452
0.5167625926836705
0.4427967983401366
0.4808137251144518
0.4074290551125307
0.3267105631935722
0.5097103454096753
0.7859770898535318
0.4262721545665321
0.5833179810964132
0.713010159952554
0.759266345355308
0.6458065958985189
0.4100303507400742
0.10575719671891523
0.1709874353126788
0.04638724215296491
0.3032230245652914
0.7311976727789089
0.41574335363510695
0.7567173778853453
0.6262901407380986
0.9667075904066429
0.6172350338991686
0.5497680798965872
0.722863263995035
0.4410671687201184
0.5800202032360924
0.32337888785532787
0.6102049817421976
0.699492683960678
0.9908783517721806
0.24195634954808534
0.7417570538154787
0.9468633570982886
0.3241185960304346
0.5308087959830359
0.5307709233964145
0.458334930247354
0.5132069668331144
0.6806967478744057
0.8086753323602006
0.48493394558690583
0.31714773768875754
0.554060172317584
0.6491256199095111
0.2917265339979899
0.16335088439785828
0.37051956632749256
0.48003016502653867
0.49777818735812956
0.061817485701818733
0.6888789514557896
0.40595550594201535
0.7829573815332965
0.3810411036334171
0.6279909268408443
0.5844980841862071
0.3069401803502714
0.12269491001377994
0.7280802462482492
0.2526218101637347
0.4313251199052334
0.25504371192384667
0.26357659235423603
0.6158277267054446
0.9561008893272801
0.5879229259644858
0.5542664737151265
0.2504314761841969
0.7466797812495931
0.5764308205618344
0.21858304013190216
0.5614611934983521
0.5635579071601279
0.36671198257367876
0.7964445415457403
0.3268188063603878
0.56334624719816
0.3361179124172226
0.3289982534689414
0.3040106397161191
0.6610891138394729
0.5822114871555047
0.9381726625491178
0.843112873836894
0.5263653887574725
0.460539178535826
0.6442517700390636
0.366722417345977
0.6047431480644967
0.4277263518524017
0.7222365937081483
0.7411029443107263
0.228954557881328
0.7448089026601463
0.2725775104863459
0.6448651288932953
0.2718144021912136
0.6554189271665046
0.861642732588312
0.5996288463209616
0.2771469903132236
0.6084394094157329
0.4210750591740513
0.44412728461933326
0.5877573266320811
0.06673678145158422
0.4977864499039519
0.04855455074598668
0.6867322825483357
0.10217185130717009
0.8447460512840189
0.4727196363746377
0.13271493825703196
0.8236978884057323
0.015486394662273353
0.5942780872742776
0.9164787095525068
0.7110486944286477
0.21931442874920795
0.5694393003620806
0.7372071117984672
0.07702701870272181
0.690345603565186
0.25781439845182075
0.7315417453568915
0.906014739080428
0.6424406932374955
0.23445501731411697
0.7697155892776558
0.9068204675531499
0.5531929814869219
0.922554892281037
0.7813977022855684
0.5680276475537579
0.6489408611048318
0.8773533549557785
0.2911178947440204
0.37868520695027524
0.7317710038438745
0.4213335896093457
0.4008133249045016
0.49579488455086845
0.21352016581567518
0.6390028728031497
0.3053320904533186
0.6432716205263139
0.4936292948583487
0.13963362266107587
0.12020605711888803
0.46473854422448957
0.8971515676702191
0.44568714219501554
0.09712321476360583
0.6735704553672868
0.802631537877206
0.8442070021475653
0.5663364258980117
0.9532101534551835
0.4419107056625672
0.6364123260377408
0.5435124204783737
0.9227344214925146
0.7317740855974659
0.5657284752494106
0.48202501306193163
0.6899334188367733
0.5940809175259751
0.4841962392249076
0.36501427392340274
0.34428924153530405
0.909329503737047
0.6895726296837394
0.5541264586391909
0.5386523936679748
0.6321326020080439
0.5725610000853082
0.41269999439844074
0.357788566397595
0.3713385291443766
0.5233329780058775
0.6733052684605265
0.6987818599002601
0.49234480288276683
0.3257384446075902
0.5576001237260125
0.6596859153039243
0.6306972334763654
0.5341697909127834
0.5735120985404693
0.44345061451682705
0.445196769985826
0.21662150348047207
0.8778867775227674
0.632754789761799
0.815785483554663
0.38543824466083004
0.5167335742271062
0.44079943726855675
0.945926845657506
0.2938652948347213
0.5956563043655309
0.6483104386113848
0.47469236446770036
0.3775747181393216
0.4799888528220452
0.4927140102734139
0.568802715348288
0.7429199444499238
0.5179726905994453
0.4093779961649456
0.635395707561558
0.7707124747914829
0.212282800806133
0.48013190693538405
0.1544567617229009
0.6857016848626238
0.5902800992796957
0.2695713196392209
0.696451110161117
0.762453976042187
0.18264053065939018
0.5957177235495837
0.6664489414540081
0.2720827667585335
0.4708020381731098
0.4744151073954202
0.07707358262331049
0.3012912487210566
0.8602981719074057
0.46287437541538823
0.7749861678501657
0.06928728073886943
0.6820199823831226
0.8083933379092537
0.84554149248095
0.5036339210103487
0.4207380883556431
0.6024161803216298
0.5470507367652598
0.5
0.47827455747344527
0.4244302576806853
0.2101499932531581
0.7963935408460453
0.5
0.2276010197548379
0.0637103272877986
0.011381877729351788
0.5746787100709405
0.015346499505125007
0.012947057275071427
0.9906165007592795
0.022922013601090054
0.9220786279859999
0.007346682207750022
0.005663539034794922
1.3099479614180704e-06
0.9995778348776041
0.008950539388799462
0.0002630198696721639
0.9999999849591035
3.168384656524947e-07
0.9977873794121899
2.680548736447072e-05
0.8430067878337105
0.10810944871983379
0.004710247667352539
0.9999931702617973
0.9766096899624408
0.9990575606919545
0.0008049461702429722
0.930905352784591
0.02386402159708211
0.0018367837983569969
0.9766606198979102
0.05091310725209873
0.9984007897167975
0.7890194899318949
0.9826720108493401
0.999873021777279
0.011575107839841193
0.06067746584898034
0.007160869944485113
0.02164723865653761
0.9998752273761559
0.02543849901394731
0.05213146765962915
0.5807029519271791
0.5139878423121839
0.8140698705422285
0.9867502706532891
0.6699802073181426
0.9368511704136239
0.10471284212184254
0.06779045790934042
0.23319660806763187
0.4620872376417576
0.13233894150150038
0.7391047138031679
0.836661223154735
0.04997412646706877
0.036694068775774
0.030855843767139925
0.9845302571765855
0.13575488484243484
0.9950176400936487
0.12261052904374492
0.9525690316394496
0.2192368224674203
0.3151154052224194
0.9991733903807459
0.9969577475370115
0.18398288655791514
0.07218668016593785
0.7901218850127726
0.5828990164268053
0.9954936713422782
0.8890560845880988
0.9890150989360563
0.8803621848775645
0.07142477410843884
0.01707644109738074
0.00023768337959044977
0.9391374610252927
0.799279344618955
0.6899744811325541
0.07392359034751678
0.3675312000946773
0.24193384672715554
0.25280008596537223
0.7719998806394597
0.0342532634345501
0.9702914324207524
0.004144461593786057
0.6089289646501173
0.7576401526830489
0.29932358903999645
0.5797339482203311
0.9259007431475448
0.05619707699640074
0.7429818917225525
0.10293238244008517
0.9957926073635321
0.807441152847082
0.6395650184807069
0.8245818561887994
0.5697320593848625
0.1358946174164839
0.2939823263868087
0.8973896056471246
0.32645268750013806
0.5729382742505529
0.33021482956884757
0.19715817262114885
0.6066939813904112
0.9187131530283228
0.06485550113317243
0.4033149088876306
0.3638309867470349
0.360701554315506
0.8503451023495053
0.5077146433505011
0.9003159825810244
0.7803763213521717
0.9592922555951281
0.2999321698267379
0.3650016296930925
0.5097672441988996
0.06682838027947266
0.1987631432406352
0.5582172614024266
0.23194487979263262
0.4871651905481312
0.9435052476563314
0.6081961607670064
0.19734285243435265
0.9640820224791683
0.6011733864138558
0.07512812319694785
0.4875262936843979
0.8187481394191036
0.4219421560932866
0.8967158683717164
0.029956666066876882
0.7212681168217391
0.26288445841767055
0.7759313531369041
0.7998214167092361
0.042569859650029185
0.6042118841194466
0.24169111228020893
0.4469335622101116
0.04347996301564907
0.2513968641418343
0.16479185557130424
0.4784476955487899
0.7056113192226422
0.9467445290171845
0.30104090052668175
0.7240950572242935
0.6741733181327155
0.72086312687455
0.8903369352941185
0.26310602876194294
0.8512630565699628
0.8865072137338833
0.36126992507849537
0.7729942816259486
0.1651413358937533
0.3645509003060636
0.8170828596770424
0.4485702679166078
0.1564921846059748
0.6390267095537215
0.2696668208687713
0.9715916695333656
0.7117637904757932
0.07758102137214581
0.13163192603189589
0.056849465361242184
0.6575914533240464
0.7099905326632816
0.9050106530099821
0.9589921626962485
0.04496784586016566
0.9835327205945408
0.20881955102162458
0.9999986817953459
0.41944207224381014
0.18342605269622547
0.22645510274225145
0.6516427552866303
0.9438839123046235
0.26610153264911995
0.3228561325312149
0.5668425964441072
0.29802972716257814
0.9468657287095815
0.9902793830156302
0.25998259241786237
0.339892972316972
0.059786847952746275
0.8289034699110854
0.8722307894176816
0.3417460731700177
0.7124455639350095
0.40709169379227167
0.5245945100977781
0.3146026078726427
0.3442612074554224
0.35655721223386727
0.25848376511103494
0.8465147617462317
0.572214240104576
0.3039186668548281
0.3791818078369823
0.9771073130251107
0.17921850735719438
0.9423748482132189
0.3917996501924101
0.6589298152294003
0.4345566326768966
0.5695407327536238
0.7964206222307005
0.2800202074170816
0.6318682297597272
0.9909471624813647
0.9638731193653705
0.5275719132336205
0.8164423601819486
0.8280534796582069
0.5231612756716713
0.6420455831153472
0.14280743517944536
0.3934637547827889
0.18249036028249424
0.3018676040309791
0.31618894336460146
0.2230075804665194
0.39921923773308854
0.05587310813800837
0.8531767448978959
0.24847619816040725
0.6766289990493414
0.9559857123943555
0.7586191448411551
0.9089860663018219
0.4513300039356723
0.8271331823391987
0.4014083520967919
0.5143247791112441
0.43063775469424687
0.8056046056458299
0.9173655712690688
0.5771526982924353
0.5836312653083059
0.8414518790424494
0.718910205197596
0.690649835745497
0.8531484460401322
0.20470050279768978
0.06583710412739954
0.9057394911189127
0.4193161245113599
0.8736036803437228
0.17699340484958728
0.5578560538765127
0.7900610126298393
0.3304174015660608
0.89784291988192
0.372351330988473
0.7659975865143086
0.37765354945710206
0.2319839745011161
0.7367702551913953
0.8389794828376109
0.16908380311244223
0.06369144606752072
0.2689023534998898
0.6848448786460046
0.7826829476758131
0.8409117792939961
0.17451845329188498
0.7647565004352829
0.18900334391221793
0.7255603955159573
0.6287752873147257
0.33114001427705836
0.8273272515609841
0.5306206400799182
0.6787009182430864
0.4474054158887714
0.2327781830429447
0.13365312234999907
0.653594855729751
0.6775620724489229
0.3955587349557124
0.09848117366788975
0.7007364567605294
0.10853895264272283
0.8714175506468446
0.5612790454666234
0.6126082139409105
0.6565447172380215
0.8748376024522191
0.2912682267705468
0.4273751103302456
0.7993710876707111
0.7878586437219917
0.8820973213273837
0.5847427851458905
0.49689907216451734
0.15945017051941865
0.33458417520813927
0.92905382316478
0.8255165715379998
0.5992676281029944
0.19641102830624801
0.317825727111973
0.45666045687924867
0.7572842028894841
0.6320463564679345
0.2624281208737763
0.4969107591774315
0.825949715134709
0.48327366071510486
0.750643228146795
0.5015055660292437
0.5165542266444203
0.5405319160169
0.38493881605018
0.40169528564540935
0.2229625289868092
0.17381086189072906
0.4828620777783422
0.1548673929731865
0.17993525681399894
0.6687219066136062
0.05284845702288811
0.07376039513625143
0.8451246026651805
0.46350317119455575
0.6469863611023859
0.7150011152550917
0.7329751063165526
0.5453151069563763
0.4692606134378194
0.71264504061277
0.7291074782073828
0.47614493921504913
0.15720616591844094
0.5292995533370186
0.15118041380936834
0.9608322826284135
0.8071501601189844
0.18432104815705133
0.41568619248494004
0.5545779580644815
0.0924949060375053
0.03725775944498943
0.8658003883585962
0.8912979255062861
0.22052780636268987
0.45211172682204465
0.6616089853166046
0.46707704932795113
0.5411742928827104
0.7020239729644923
0.3105850374428542
0.4008565346256959
0.7572739966852791
0.2536560621577405
0.7795237909018817
0.9448178483771247
0.4730420402708508
0.7732441407772458
0.7672803441292759
0.5965031544905118
0.24624615910960884
0.3415640481837086
0.23004112118175937
0.2868422942864473
0.30246587425835497
0.5708195678222581
0.7824040048059618
0.6499949999800795
0.8870811656750222
0.6261614535759041
0.6907674040394469
0.1678787779974728
0.42423546948392005
0.4641130809056876
0.6137992939206092
0.35331209261923147
0.456222482833716
0.39032367099237275
0.6071459959019949
0.24056768845260681
0.8304350635931217
0.148643882262117
0.6668468483594536
0.48893706128979747
0.4355244969023239
0.04772473301496329
0.5032687820172812
0.8716115077954796
0.9670785473306484
0.7602388295366043
0.9180832726863816
0.3684233321008559
0.4804411030020955
0.20393882234862867
0.8910521265105921
0.4731008481813469
0.8352415484088317
0.5531601161547712
0.6531832502003253
0.5190982352482838
0.10879000541289449
0.31688530057092623
0.06681527156699751
0.8226143742683193
0.8722322697425802
0.49099791182519137
0.7708026575249626
0.7935767492603146
0.3133810464342052
0.7933327520670739
0.3801297464946328
0.5668720090216804
0.11077520080811681
0.8186871168278552
0.4314625773120662
0.48675923275145766
0.5973852007556419
0.5087982939359538
0.21189309509608042
0.4644075601952131
0.6458877110910909
0.31927020972842735
0.4761773072563406
0.49850853562516795
0.3899630983332743
0.4551728275685425
0.3272914547296923
0.368601836016292
0.29663378862208906
0.21309864010837407
0.8939267468249024
0.9161567285521931
0.31337086751839993
0.04685552093360776
0.3935806942929243
0.1841384546454318
0.356215595774694
0.8911682129359177
0.14048083744341436
0.765195114031347
0.8182811478427918
0.24156426345739976
0.46118830893053775
0.4015878788115977
0.23346692279698392
0.682700631184738
0.3212973148952094
0.8269101213812762
0.09317929270600275
